long,'lat','bicolor'
-56.615556,-20.086667,1
-56.6944,-20.1319,1
-50.4851,-20.197,1
-50.485,-20.1972,1
-50.9267,-20.2109,1
-50.9266,-20.2113,1
-49.1977,-20.3411,1
-49.1979,-20.3412,1
-49.1982,-20.3578,1
-49.1933,-20.3633,1
-49.2388,-20.3641,1
-51.41889954,-20.36720085,1
-49.2526,-20.3792,1
-55.78720093,-20.47109985,1
-51.67829895,-20.75110054,1
-51.71,-20.77,1
-49.5378,-20.7829,1
-49.3794,-20.8197,1
-49.3059,-20.8378,1
-49.2908,-20.8526,1
-51.47999954,-20.87000084,1
-49.9287,-21.0344,1
-49.5434,-21.0767,1
-56.382,-21.102,1
-61.633333,-21.266667,1
-56.429,-21.436,1
-54.38389969,-21.46579933,1
-49.3945,-21.5842,1
-57.720833,-21.701944,1
-54.78939819,-22.07889938,1
-56.5125,-22.1417,1
-60.03,-22.35,1
-49.6954,-22.4053,1
-52.32,-22.51,1
-52.16,-22.53,1
-52.2341,-22.5446,1
-50.39,-22.59,1
-52.1669,-22.6169,1
-52.1679,-22.6189,1
-52.1716,-22.6214,1
-56.0583,-22.6333,1
-54.8222,-22.6342,1
-50.41,-22.66,1
-55.6167,-22.6751,1
-48.8982,-22.7764,1
-51.2311,-22.7803,1
-48.4448,-22.8859,1
-48.4941,-22.8902,1
-53.657092,-22.921766,1
-49.86999893,-22.96999931,1
-49.8705,-22.9794,1
-50.838056,-23.036944,1
-50.83805556,-23.03694444,1
-49.7069,-23.0407,1
-50.9131,-23.07,1
-49.8304,-23.0764,1
-49.8112,-23.0889,1
-49.9694,-23.1606,1
-50.7964,-23.1975,1
-51.0481,-23.2692,1
-51.1628,-23.3103,1
-48.72,-23.38,1
-57.4333,-23.4083,1
-57.43,-23.4083,1
-58.3667,-23.4333,1
-52.604722,-23.663333,1
-52.60472222,-23.66333333,1
-55.85,-23.7667,1
-56.2925,-23.8162,1
-50.4048,-23.85,1
-51.8567,-23.8656,1
-57.28,-23.88,1
-61.850695,-23.89583,1
-51.9507,-23.9031,1
-51.9783,-23.9134,1
-57.05,-24.45,1
-60.593913,-24.705342,1
-63.8047,-24.7386,1
-56.7667,-25.1667,1
-57.5333,-25.3333,1
-57.65,-25.35,1
-53.40810013,-25.43560028,1
-57.6,-25.47,1
-48.8344,-25.4769,1
-54.7167,-25.4935,1
-54.6167,-25.5167,1
-49.1956,-25.5306,1
-54.577601,-25.611036,1
-57.15,-25.6333,1
-54.5833,-25.65,1
-49.3122,-25.6525,1
-49.3081,-25.6575,1
-54.43333,-25.68333,1
-48.5428,-25.8175,1
-48.5368,-25.8325,1
-53.975704,-25.85756,1
-48.5747,-25.8828,1
-57.05,-26.02,1
-58.944167,-26.181389,1
-49.2961,-26.1936,1
-51.07830048,-26.23810005,1
-49.37833333,-26.25055556,1
-49.378333,-26.250556,1
-57.32,-26.4,1
-51.3888,-26.4063,1
-54.631882,-26.411541,1
-51.3499,-26.4149,1
-51.3156,-26.4275,1
-51.6656,-26.4958,1
-51.6755,-26.5223,1
-51.6615,-26.5556,1
-59.633333,-26.583333,1
-51.01499939,-26.77529907,1
-51.904,-26.783,1
-59.618146,-26.793046,1
-59.618393,-26.79322,1
-59.596997,-26.810796,1
-59.13501,-26.825586,1
-51.7935,-26.8675,1
-58.2963,-26.86771,1
-51.7918,-26.8702,1
-52.9073,-26.8798,1
-52.9213,-26.8866,1
-50.69530106,-26.92889977,1
-55.75,-26.95,1
-48.5079844,-27.1401144,1
-51.899938,-27.147817,1
-48.55310059,-27.15780067,1
-55.725,-27.1839,1
-49.799383,-27.195652,1
-56.17,-27.23,1
-52.02780151,-27.23419952,1
-53.8608017,-27.26469994,1
-50.58440018,-27.28280067,1
-52.32310104,-27.29059982,1
-58.619385,-27.294632,1
-58.563151,-27.31425,1
-53.39440155,-27.35919952,1
-52.77140045,-27.36170006,1
-53.75830078,-27.37109947,1
-57.2667,-27.4,1
-51.22499847,-27.40169907,1
-58.778968,-27.452486,1
-48.5492,-27.5967,1
-48.54919815,-27.59670067,1
-51.5202644,-27.6192208,1
-51.520264,-27.619221,1
-51.33639908,-27.63439941,1
-48.478101,-27.655625,1
-51.13000107,-27.68919945,1
-50.3260994,-27.81609917,1
-50.325833,-27.816111,1
-50.32583333,-27.81611111,1
-58.800658,-27.950795,1
-48.6583,-28.0454,1
-51.188611,-28.0575,1
-51.1886111,-28.0575,1
-54.73809814,-28.14859962,1
-55.26720047,-28.18250084,1
-55.63890076,-28.18359947,1
-48.670278,-28.24,1
-48.67027778,-28.24,1
-49.00690079,-28.4666996,1
-48.78079987,-28.48250008,1
-50.93389893,-28.5121994,1
-57.176686,-28.533325,1
-51.3647222,-28.5930556,1
-51.364722,-28.593056,1
-51.3544444,-28.6191667,1
-51.354444,-28.619167,1
-56.00439835,-28.66060066,1
-51.925,-28.709444,1
-51.925,-28.7094444,1
-49.65091,-28.710239,1
-51.61000061,-28.78389931,1
-51.89030075,-28.84560013,1
-50.9752778,-29.0491667,1
-50.975278,-29.049167,1
-49.72689819,-29.33530045,1
-49.755308,-29.355784,1
-49.84970093,-29.36940002,1
-51.1121,-29.3757,1
-50.58359909,-29.44809914,1
-52.597833,-29.449483,1
-52.5978333,-29.4494833,1
-50.216667,-29.45,1
-50.2166667,-29.45,1
-51.96139908,-29.46689987,1
-50.219812,-29.486838,1
-50.109287,-29.512297,1
-50.91667,-29.5667,1
-53.44469833,-29.5746994,1
-50.0708,-29.5853,1
-50.07080078,-29.58530045,1
-50.7806015,-29.65060043,1
-53.8259,-29.6873,1
-52.42580032,-29.71750069,1
-51.165005,-29.720575,1
-50.00970078,-29.74559975,1
-51.15,-29.7667,1
-51.148056,-29.824722,1
-51.14805556,-29.82472222,1
-55.88953,-29.82909,1
-61.257498,-29.851186,1
-50.2696991,-29.88669968,1
-50.269444,-29.886944,1
-50.26944444,-29.88694444,1
-51.72219849,-29.95919991,1
-50.12810135,-29.97529984,1
-51.01338,-30.03333,1
-51.72919846,-30.07719994,1
-51.02330017,-30.08110046,1
-51.3196,-30.1079,1
-51.32500076,-30.11389923,1
-55.25403,-30.1231,1
-53.5653,-30.1606,1
-53.56529999,-30.16060066,1
-50.2116667,-30.1625278,1
-50.211667,-30.162528,1
-50.2075,-30.174444,1
-50.2075,-30.1744444,1
-50.20560074,-30.18110085,1
-51.094432,-30.221209,1
-51.0944319,-30.2212095,1
-54.98948,-30.2382,1
-53.6616667,-30.2388889,1
-53.661667,-30.238889,1
-51.001753,-30.268572,1
-51.0017528,-30.2685722,1
-50.3089167,-30.2741667,1
-50.308917,-30.274167,1
-54.15986,-30.35745,1
-51.906111,-30.369611,1
-51.9061111,-30.3696111,1
-52.311944,-30.425444,1
-52.3119444,-30.4254444,1
-53.49140167,-30.5121994,1
-55.364183,-30.77115,1
-55.3641833,-30.77115,1
-55.602231,-30.86834,1
-53.1153,-30.8719,1
-55.6,-30.872222,1
-54.6727778,-30.9827778,1
-54.672778,-30.982778,1
-57.933889,-31.288056,1
-64.267348,-31.357208,1
-61.175316,-31.394529,1
-53.7375,-31.5506389,1
-53.7375,-31.550639,1
-53.74725,-31.5508889,1
-53.74725,-31.550889,1
-53.7366111,-31.5516667,1
-53.736611,-31.551667,1
-53.67250061,-31.55809975,1
-53.716667,-31.6,1
-53.7166667,-31.6,1
-60.663034,-31.675476,1
-60.839874,-31.737778,1
-52.48389816,-31.76329994,1
-52.342778,-31.771944,1
-52.3427778,-31.7719444,1
-58.267363,-31.862975,1
-58.259093,-31.864515,1
-54.154528,-31.894556,1
-54.1532,-31.8987,1
-58.963755,-31.986206,1
-52.9894444,-32.0477778,1
-52.989444,-32.047778,1
-58.441254,-32.346889,1
-58.038167,-32.521422,1
-53.388889,-32.590556,1
-54.443889,-32.911389,1
-58.869773,-34.230186,1
-54.975541,-34.326735,1
-55.315833,-34.409722,1
-53.867467,-34.425031,1
-60.963033,-34.566403,1
-55.944444,-34.5725,1
-55.559867,-34.778631,1
-54.814281,-34.879339,1
-54.814407,-34.879702,1
-55.218743,-34.889644,1
-53.6571,-22.9218,1
-53.7471,-22.9008,1
-53.6439,-22.889,1
