long,'lat','bili'
-65.583333,-25.05,1
-65.583333,-27.166667,1
-65.479401,-31.375418,1
-65.2657,-26.8607,1
-64.866831,-23.671574,1
-64.793466,-28.370539,1
-64.582919,-31.361412,1
-64.4667,-23.6333,1
-64.29193,-30.95916,1
-64.272474,-28.023698,1
-64.268888,-31.359793,1
-64.008337,-25.01014,1
-63.8047,-24.7386,1
-63.4824,-24.445,1
-63.45807,-21.260005,1
-63.29,-17.52,1
-63.001133,-35.01187,1
-62.999416,-35.010113,1
-62.999416,-35.011238,1
-62.999416,-35.009621,1
-62.999416,-35.010464,1
-62.999073,-35.010956,1
-62.998684,-35.009747,1
-62.9977,-35.010338,1
-62.100728,-33.615836,1
-62.100726,-33.615838,1
-62,-16.36,1
-61.715573,-26.262565,1
-61.65,-21.2,1
-61.61556,-21.08083,1
-61.55011,-34.509291,1
-61.17513,-31.394366,1
-61.156393,-30.203684,1
-61.106941,-31.386718,1
-61.063,-23.3078,1
-60.910858,-31.38343,1
-60.7,-31.6333,1
-60.586801,-34.847331,1
-60.559767,-22.388467,1
-60.343647,-22.354185,1
-60.188033,-32.599388,1
-60.04895,-22.347067,1
-60.035,-22.3071,1
-60.03,-22.35,1
-60,-23,1
-59.618404,-26.793218,1
-59.598537,-26.805693,1
-59.58,-20,1
-59.26256,-28.513667,1
-59.202778,-23.217778,1
-59.18601,-30.386129,1
-59.009285,-26.897425,1
-58.944167,-26.181389,1
-58.267363,-31.862975,1
-58.225111,-28.048514,1
-58.08,-32.799167,1
-57.898105,-21.714593,1
-57.88249969,-21.69890022,1
-57.8821,-21.6986,1
-57.7387,-21.6931,1
-57.7385,-21.6925,1
-57.7382,-21.6927,1
-57.737,-21.6304,1
-57.7367,-21.6913,1
-57.7344,-21.671,1
-57.726389,-21.658889,1
-57.720833,-21.701944,1
-57.7206,-21.7092,1
-57.7192,-21.6868,1
-57.718,-21.6813,1
-57.7173,-21.6692,1
-57.716908,-21.692938,1
-57.7051,-21.638,1
-57.702,-21.6378,1
-57.67,-25.27,1
-57.65330124,-19.00919914,1
-57.6533,-19.0092,1
-57.65,-25.35,1
-57.6362,-25.3005,1
-57.622222,-19.240833,1
-57.6,-25.47,1
-57.56156,-25.51109,1
-57.4667,-22.75,1
-57.4333,-23.4083,1
-57.43,-23.4083,1
-57.290583,-25.2499,1
-57.29045,-25.249683,1
-57.280383,-23.456067,1
-57.28,-23.42,1
-57.2667,-27.4,1
-57.15,-22.3333,1
-57.15,-25.6333,1
-57.0763,-19.446,1
-57.05,-26.02,1
-57.0361,-19.4849,1
-57.03,-23.07,1
-57.0284,-22.8592,1
-57.0268,-19.4712,1
-57.0205,-19.483,1
-57.0192,-19.5769,1
-57.0165,-19.4711,1
-57.0145,-19.479,1
-57.0139,-19.481,1
-57.0136,-19.4723,1
-57.0092,-19.4742,1
-57.009,-19.5046,1
-57.0084,-19.4746,1
-56.8,-25.4,1
-56.794167,-19.141944,1
-56.6944,-20.1319,1
-56.638922,-18.987461,1
-56.621944,-18.989078,1
-56.5125,-22.1417,1
-56.244,-19.576,1
-56.224,-19.555,1
-56.1506,-19.5779,1
-56.1496,-19.5683,1
-56.146,-19.5723,1
-56.1339,-19.5488,1
-56.1305,-19.5346,1
-56.1272,-19.5419,1
-56.1212,-19.5136,1
-56.1158,-19.5571,1
-56.1151,-19.5529,1
-56.1144,-19.5543,1
-56.1141,-19.565,1
-56.1129,-19.5638,1
-56.096667,-15.596111,1
-56.09666667,-15.59611111,1
-55.88953,-29.82909,1
-55.78720093,-20.47109985,1
-55.7690395,-20.3592729,1
-55.769039,-20.359273,1
-55.63890076,-28.18359947,1
-55.635178,-33.343654,1
-55.6,-30.872222,1
-55.582222,-30.903611,1
-55.53279877,-30.89080048,1
-55.516002,-30.943173,1
-55.3641833,-30.77115,1
-55.364183,-30.77115,1
-54.96139908,-20.93190002,1
-54.931111,-19.790833,1
-54.91419983,-30.25830078,1
-54.885894,-34.337273,1
-54.672778,-30.982778,1
-54.6727778,-30.9827778,1
-54.18764,-32.60683,1
-54.16667,-32.36667,1
-54.15986,-30.35745,1
-54.154528,-31.894556,1
-54.106667,-31.331667,1
-54.10666667,-31.33166667,1
-53.8259,-29.6873,1
-53.8069,-29.6842,1
-53.8,-29.6833,1
-53.7897222,-27.5511111,1
-53.789722,-27.551111,1
-53.756028,-31.549056,1
-53.7560278,-31.5490556,1
-53.7375,-31.550639,1
-53.7375,-31.5506389,1
-53.730278,-31.438611,1
-53.7302778,-31.4386111,1
-53.7283333,-31.5977222,1
-53.728333,-31.597722,1
-53.725167,-31.596528,1
-53.7251667,-31.5965278,1
-53.7178,-29.7136,1
-53.700306,-31.552139,1
-53.7003056,-31.5521389,1
-53.700167,-31.551889,1
-53.7001667,-31.5518889,1
-53.6999722,-31.5525556,1
-53.699972,-31.552556,1
-53.6989444,-31.5521389,1
-53.698944,-31.552139,1
-53.698028,-31.585778,1
-53.6980278,-31.5857778,1
-53.678639,-31.477028,1
-53.6786389,-31.4770278,1
-53.67250061,-31.55809975,1
-53.665342,-33.191719,1
-53.49140167,-30.5121994,1
-53.388889,-32.590556,1
-52.810556,-31.879722,1
-52.8105556,-31.8797222,1
-52.67720032,-28.05920029,1
-52.34222222,-31.77194444,1
-52.342222,-31.771944,1
-52.1746,-21.7528,1
-52.0988889,-32.035,1
-52.0986,-32.035,1
-51.978889,-31.362778,1
-51.9788889,-31.3627778,1
-51.97829819,-31.36529922,1
-51.978056,-31.365556,1
-51.97805556,-31.36555556,1
-51.72919846,-30.07719994,1
-51.49779892,-30.91500092,1
-51.404,-20.3894,1
-51.32500076,-30.11389923,1
-51.22999954,-30.03310013,1
-51.2,-30.0333,1
-51.2,-30.03333,1
-51.094432,-30.221209,1
-51.0944319,-30.2212095,1
-51.02330017,-30.08110046,1
-51.0166667,-31.4166667,1
-50.9436111,-31.0788889,1
-50.943611,-31.078889,1
-50.9375,-31.068333,1
-50.9375,-31.0683333,1
-50.58333333,-29.44833333,1
-50.583333,-29.448333,1
-50.50970078,-30.25779915,1
-50.308917,-30.274167,1
-50.3089167,-30.2741667,1
-50.2696991,-29.88669968,1
-50.26944444,-29.88694444,1
-50.269444,-29.886944,1
-50.23333,-29.25,1
-50.23279953,-30.24749947,1
-50.20560074,-30.18110085,1
-50.13359833,-29.98469925,1
-50.12810135,-29.97529984,1
-50.00970078,-29.74559975,1
-49.88890076,-29.55139923,1
-49.84970093,-29.36940002,1
-49.72689819,-29.33530045,1
-49.4858,-28.9347,1
-49.4244,-28.5978,1
-57.7169,-21.6929,1
