long,'lat','dipt'
-64.9,-14.833333,1
-64.8667,-27.4833,1
-64.84977,-23.76146,1
-63.8047,-24.7386,1
-63.4339,-19.42411,1
-62.087222,-12.006111,1
-62,-16.36,1
-61.969722,-9.419722,1
-61.8506,-12.1281,1
-61.690975,-21.15576,1
-61.65,-21.2,1
-61.0953,-21.662,1
-60.8752,-12.7015,1
-60.035,-22.2889,1
-60.03,-22.35,1
-59.983,-15.1875,1
-59.95,-23.71667,1
-59.7424,-14.2943,1
-59.58,-20,1
-59.3667,-15.1819,1
-59.3525,-15.2588,1
-59.07,-23.36,1
-58.944167,-26.181389,1
-58.8619,-15.3173,1
-58.76667,-23.5,1
-58.58,-15.1,1
-58.4667,-15.85,1
-58.4572,-15.2558,1
-58.4395,-15.0853,1
-58.3104,-14.4346,1
-58.2963,-26.86771,1
-58.1782,-15.6261,1
-58.1192,-24.3836,1
-58.11560059,-15.2407999,1
-57.8369,-16.5165,1
-57.7517,-30.5217,1
-57.6918,-15.0433,1
-57.66,-22.3,1
-57.6533,-19.0092,1
-57.65,-25.35,1
-57.6,-25.47,1
-57.56156,-25.51109,1
-57.55469894,-30.2071991,1
-57.5,-25.3,1
-57.45,-19.6167,1
-57.373365,-25.302148,1
-57.36667,-22.68333,1
-57.360203,-25.317232,1
-57.35,-25.1,1
-57.2667,-27.4,1
-57.15,-22.3333,1
-57.15,-25.6333,1
-57.0882988,-29.75469971,1
-57.05,-26.02,1
-57.037544,-19.485006,1
-57.0284,-22.8592,1
-57,-19.567,1
-56.9485,-16.7845,1
-56.9333,-22.3833,1
-56.8,-17.3333,1
-56.7667,-25.1667,1
-56.7233,-18.731,1
-56.6944,-20.1319,1
-56.5281,-15.8315,1
-56.52,-22.21,1
-56.5167,-20.2,1
-56.5,-23.88,1
-56.4835,-21.1287,1
-56.48189926,-21.12109947,1
-56.476,-21.1275,1
-56.4401,-20.8135,1
-56.43,-22.2,1
-56.429,-21.436,1
-56.382,-21.102,1
-56.37,-26.45,1
-56.255,-15.5709,1
-56.244,-19.576,1
-56.1657,-13.0377,1
-56.1506,-19.5779,1
-56.0583,-22.6333,1
-56.046,-19.612,1
-56.0318,-16.8204,1
-56.00439835,-28.66060066,1
-55.9,-27.3333,1
-55.8894,-15.48,1
-55.84495,-22.6833,1
-55.75,-26.95,1
-55.725,-27.1839,1
-55.702499,-26.236944,1
-55.7,-26.2,1
-55.67,-26.76,1
-55.652,-26.405,1
-55.645,-26.398,1
-55.6333,-26.5833,1
-55.601387,-26.313888,1
-55.5396,-15.1071,1
-55.4364,-16.4825,1
-55.394167,-13.511111,1
-55.3941667,-13.5111111,1
-55.3167,-25.6167,1
-54.95461,-26.66415,1
-54.91419983,-30.25830078,1
-54.6794014,-29.69169998,1
-54.672778,-30.982778,1
-54.6727778,-30.9827778,1
-54.6725,-16.4892,1
-54.668,-16.5198,1
-54.66667,-25.08333,1
-54.6333,-16.4667,1
-54.5,-25.2333,1
-54.436,-17.646,1
-54.35,-24.05,1
-54.2193,-15.0984,1
-54.1661,-15.3255,1
-53.56529999,-30.16060066,1
-53.466,-18.263,1
-53.429,-18.45,1
-53.423,-18.248,1
-53.4175,-15.345,1
-53.379,-18.035,1
-52.2341,-22.5446,1
-52.1716,-22.6214,1
-52.1689,-22.6169,1
-51.9783,-23.9134,1
-51.8567,-23.8656,1
-51.82220078,-16.42690086,1
-51.7342,-19.1133,1
-51.6783,-20.7511,1
-51.4078,-19.1832,1
-51.3967,-16.0078,1
-51.3882,-22.123,1
-51.1628,-23.3103,1
-50.9267,-20.2109,1
-50.9266,-20.2113,1
-50.9131,-23.07,1
-50.8965,-20.1888,1
-50.4959,-20.9362,1
-50.4851,-20.197,1
-50.4763,-20.0521,1
-50.4389,-21.2061,1
-50.4338,-20.0036,1
-50.41,-22.66,1
-50.349,-20.926,1
-50.3421,-20.9196,1
-50.2764,-20.4847,1
-50.0866,-20.5144,1
-49.9738,-21.0152,1
-49.9722,-20.4252,1
-49.9694,-23.1606,1
-49.9648,-20.8071,1
-49.9367,-20.7416,1
-49.9291,-20.7427,1
-49.9287,-21.0344,1
-49.9209,-20.9083,1
-49.817,-22.4151,1
-49.7933,-23.1077,1
-49.7799,-20.4819,1
-49.6833,-22.4131,1
-49.5434,-21.0767,1
-49.5113,-20.8241,1
-49.5022,-21.3992,1
-49.4344,-20.3916,1
-49.4343,-20.3915,1
-49.407,-20.8339,1
-49.3796,-20.8108,1
-49.3781,-21.0429,1
-49.358,-21.7369,1
-49.278,-20.353,1
-49.2758,-20.3749,1
-49.2751,-20.3745,1
-49.2689,-20.4101,1
-49.265,-20.415,1
-49.2526,-20.3792,1
-49.2211,-21.4691,1
-49.2203,-20.7951,1
-49.1982,-20.3578,1
-49.1979,-20.3412,1
-49.1038,-20.7423,1
-49.0707,-22.3216,1
-49.06,-22.31,1
-48.8229,-20.485,1
-48.752,-20.6375,1
-48.5372,-21.6205,1
-48.5306,-22.3027,1
-48.4467,-22.2697,1
-48.445,-22.886667,1
-48.3106,-20.3183,1
-48.2928,-21.2387,1
-48.0196,-19.3139,1
-48.0018,-24.6943,1
-47.8909,-22.0182,1
-47.89,-22.01,1
-47.8,-21.1667,1
-47.7972,-21.6031,1
-47.7347,-21.5725,1
-47.7,-21.6,1
-47.6946,-22.1179,1
-47.6747,-19.1525,1
-47.5626,-22.4121,1
-47.56,-22.41,1
-46.88,-21.59,1
-46.1456,-21.3586,1
-45.5394,-20.2819,1
-45.0733,-23.4352,1
-44.6425,-21.4875,1
-44.5633,-22.4961,1
-44.4211,-20.1967,1
-44.2739,-20.0492,1
-44.2467,-19.4658,1
-44.1997,-20.1433,1
-44.1983,-19.9678,1
-43.9378,-19.9208,1
-43.9333,-19.9167,1
-43.8897,-19.6272,1
-43.8578,-20.4997,1
-43.8514,-19.7697,1
-43.7144,-19.1689,1
-43.4075,-20.0747,1
-42.98,-22.43,1
-41.38,-19.3597,1
-41.0639,-19.4958,1
-40.736178,-19.694797,1
-40.6568985,-19.73889923,1
-40.60029984,-19.93560028,1
-40.600278,-19.935556,1
-40.32225,-19.794917,1
-40.072222,-19.391111,1
-40.0722,-19.3911,1
-39.84265,-19.57405,1
-39.84265,-19.557383,1
-39.829911,-19.646578,1
-51.7158,-20.7727,1
-57.0187,-19.5765,1
-57.7209,-21.71,1
-53.6571,-22.9218,1
-53.6439,-22.889,1
