long,'lat','fuscus'
-61.409949,10.520129,1
-54.596471,-20.465824,1
-47.309207,-1.19575,1
-72.373977,4.918435,1
-58.166546,-25.990905,1
-75.05286,9.164066,1
-73.740621,7.066042,1
-73.740361,7.066572,1
-47.796881,-21.014225,1
-46.603549,-12.997708,1
-55.210943,5.491843,1
-56.053643,-9.884977,1
-75.131988,9.827127,1
-60.743429,2.815904,1
-48.204686,-15.717895,1
-48.132621,-15.772471,1
-48.240445,-23.862905,1
-61.39686,10.53312,1
-59.596997,-26.810796,1
-63.95486,-25.115553,1
-49.676462,-3.835492,1
-72.478028,7.155978,1
-75.574378,9.495859,1
-73.580095,6.693733,1
-41.121586,-18.861903,1
-45.666721,-20.35478,1
-73.169777,4.851766,1
-60.099169,-3.048557,1
-74.663732,6.052628,1
-73.155916,6.580993,1
-74.00683,11.28547,1
-74.006523,11.285,1
-74.02399,11.28272,1
-74.022101,11.280203,1
-74.024987,11.278811,1
-74.00643,11.28497,1
-75.393002,10.051346,1
-75.078138,9.494649,1
-75.456749,9.424021,1
-75.38399,10.07488,1
-72.337837,5.556643,1
-75.120892,9.973754,1
-75.118975,9.973987,1
-73.584334,4.073294,1
-72.651993,5.024184,1
-66.09848,-13.762331,1
-73.190972,4.8185,1
-45.66666,-20.35487,1
-75.12456,9.959581,1
-75.124493,9.962976,1
-40.023006,-19.033389,1
-74.006344,11.284957,1
-74.006752,11.284991,1
-74.026046,11.28209,1
-74.025466,11.281385,1
-75.148872,5.88775,1
-75.146765,5.885606,1
-72.38424,5.51772,1
-72.38248,5.51954,1
-55.921565,-9.555626,1
-47.040358,-23.089503,1
-72.668444,11.05075,1
-72.69025,11.102194,1
-72.531944,11.160472,1
-72.737611,11.046278,1
-59.618393,-26.79322,1
-75.17001,6.61011,1
-46.872307,-17.217455,1
-48.410159,-23.489752,1
-72.37417,4.91836,1
-56.042061,-28.547831,1
-73.6203,4.113161,1
-60.748231,11.220014,1
-36.7396,-9.6701,1
-49.769454,-17.06954,1
-53.975704,-25.85756,1
-41.760528,-20.586444,1
-75.095331,8.555725,1
-40.737811,-19.688961,1
-54.751667,-20.538056,1
-45.596256,-20.470528,1
-40.721444,-19.685233,1
-75.026804,9.191539,1
-40.646389,-18.257778,1
-73.420278,4.507972,1
-73.440306,4.517,1
-57.720915,-21.709952,1
-55.203694,5.464652,1
-60.089556,-3.048214,1
-72.229968,5.583548,1
-72.22892,5.587486,1
-63.251497,-23.937955,1
-73.369248,7.23251,1
-74.790945,6.726624,1
-73.585731,4.067467,1
-61.380814,10.414003,1
-72.249559,5.582256,1
-72.325516,5.553555,1
-72.25148,5.587735,1
-72.325166,5.553593,1
-72.307264,5.579013,1
-75.666467,8.309419,1
-75.671654,8.313592,1
-75.645055,8.305016,1
-75.649399,8.302928,1
-75.667009,8.321792,1
-75.660253,8.315438,1
-75.630161,8.295911,1
-75.647853,8.300509,1
-75.652881,8.301795,1
-75.648234,8.274465,1
-75.638533,8.285881,1
-75.638414,8.287334,1
-75.63805,8.285387,1
-75.645468,8.2717,1
-75.620485,8.322129,1
-75.619862,8.322429,1
-75.635834,8.326238,1
-75.637629,8.324237,1
-75.628091,8.325718,1
-75.637965,8.326347,1
-75.625075,8.328424,1
-75.626164,8.327079,1
-75.627337,8.326674,1
-75.667417,8.309197,1
-73.584985,4.072393,1
-68.507779,5.684279,1
-69.754797,6.057016,1
-69.754793,6.057937,1
-68.521677,5.620178,1
-68.522035,5.618697,1
-70.998526,5.053628,1
-68.521841,5.619496,1
-68.513925,5.613471,1
-68.523301,5.613675,1
-68.524456,5.61319,1
-68.522627,5.616385,1
-68.523243,5.613994,1
-68.522348,5.617451,1
-68.512698,5.614185,1
-68.524988,5.629702,1
-68.512379,5.616167,1
-68.512391,5.616219,1
-68.548135,5.63962,1
-73.883389,2.294194,1
-73.902194,2.317083,1
-73.894467,2.310033,1
-73.893853,2.309183,1
-73.876389,2.290028,1
-74.130833,6.444028,1
-74.114583,6.435472,1
-72.545019,3.470509,1
-72.542496,3.466204,1
-72.542765,3.466055,1
-72.54344,3.469169,1
-72.546215,3.453993,1
-72.542058,3.466512,1
-72.545183,3.470339,1
-72.545664,3.469969,1
-72.542492,3.466179,1
-72.547272,3.454912,1
-72.546981,3.45471,1
-72.545997,3.470389,1
-71.665269,4.828271,1
-72.548976,3.465772,1
-72.538395,3.462367,1
-71.644969,4.831213,1
-71.663007,4.826856,1
-71.653343,4.828932,1
-71.665154,4.828089,1
-71.651735,4.829606,1
-71.647457,4.834753,1
-71.649231,4.832145,1
-71.662936,4.832918,1
-71.663658,4.827778,1
-71.664258,4.833913,1
-71.644878,4.83138,1
-71.672868,4.834884,1
-71.663455,4.833348,1
-71.63894,4.825545,1
-71.662194,4.832323,1
-71.65264,4.825702,1
-71.672228,4.833742,1
-71.643834,4.824363,1
-74.2215,6.700209,1
-74.090975,6.421423,1
-73.914583,2.218611,1
-73.922417,2.220361,1
-73.92025,2.220308,1
-73.504108,7.458929,1
-72.48556,5.46365,1
-72.48599,5.46404,1
-53.3895,-18.190667,1
-34.928241,-7.224547,1
-72.49791,5.40349,1
-72.47681,5.44486,1
-72.49752,5.40338,1
-46.781078,-12.831183,1
-53.657092,-22.921766,1
-48.153281,-10.318275,1
-41.789556,-20.614556,1
-40.831661,-19.457875,1
-75.404333,9.218444,1
-55.636853,-29.509311,1
-61.223838,10.614382,1
-65.75996,-11.156748,1
-59.585036,-18.337421,1
-61.0276,2.152167,1
-49.983056,-9.404722,1
-64.76814,-3.45432,1
-59.309885,3.752782,1
-48.189806,-7.104725,1
-68.468278,5.551556,1
-68.464083,5.558361,1
-70.198283,6.7121,1
-70.209367,6.734083,1
-70.49605,6.647267,1
-56.619111,-18.988056,1
-73.568853,7.598452,1
-72.318192,5.217802,1
-41.65655,-22.262706,1
-68.468433,5.55195,1
-68.464528,5.569222,1
-68.464097,5.558397,1
-68.468111,5.57275,1
-68.466028,5.573444,1
-74.54586,5.76401,1
-74.56332,5.30259,1
-74.56448,5.30512,1
-75.055203,9.156295,1
-75.052714,9.119322,1
-75.04927,9.1468,1
-59.10211,3.96912,1
-75.188842,8.549478,1
-75.084267,8.556383,1
-75.084367,8.554481,1
-75.085839,8.557778,1
-75.187992,8.549614,1
-75.201411,8.550658,1
-75.204806,8.551944,1
-75.183797,8.554433,1
-75.207519,8.559933,1
-75.084219,8.555725,1
-75.204381,8.551111,1
-57.510619,-19.022219,1
-71.46496,6.776399,1
-75.207444,8.560806,1
-75.084575,8.557136,1
-75.195869,8.553983,1
-75.191161,8.551919,1
-75.201231,8.552108,1
-71.266758,6.73078,1
-74.867155,10.832025,1
-74.926653,10.762465,1
-74.891005,10.799127,1
-75.27305,10.627545,1
-75.160411,10.683066,1
-75.155473,10.684398,1
-75.123639,10.683865,1
-75.108614,10.683824,1
-74.999007,10.69307,1
-74.958225,10.728451,1
-73.3543,4.5213,1
-58.272489,-28.099406,1
-64.04975,-3.783556,1
-75.189097,8.550183,1
-75.191083,8.551017,1
-75.085803,8.552919,1
-75.085308,8.557531,1
-49.349724,-20.899641,1
-61.660091,-8.498727,1
-61.460897,-3.700206,1
-61.68466,-8.452167,1
-63.872819,-7.874306,1
-63.856788,-7.890327,1
-61.658362,-8.4984,1
-61.660375,-8.498761,1
-61.659792,-8.49863,1
-73.655556,4.151667,1
-75.666025,1.619328,1
-40.983333,-18.587222,1
-39.852778,-19.548889,1
-54.748833,-20.537639,1
-39.834531,-19.574056,1
-40.731667,-19.673611,1
-65.391245,-16.971464,1
-41.643639,-22.275639,1
-69.769722,6.378333,1
-69.854444,6.41,1
-54.986419,-19.46535,1
-69.84387,6.39183,1
-69.85439,6.394,1
-70.10269,6.34915,1
-69.77836,6.43851,1
-69.76672,6.45208,1
-69.80805,6.37822,1
-73.406174,7.038645,1
-74.785556,5.181944,1
-74.793611,5.3675,1
-72.366944,4.895278,1
-74.778889,5.386389,1
-74.049167,6.494167,1
-68.854167,5.804722,1
-68.854028,5.804833,1
-68.89125,5.803417,1
-68.83875,5.791139,1
-68.480306,5.744194,1
-68.839333,5.800139,1
-69.86208,6.38909,1
-75.054285,9.156408,1
-68.480472,5.744806,1
-68.5025,5.720556,1
-68.473694,5.743972,1
-68.488056,5.752306,1
-61.22897,10.5822,1
-61.23144,10.58664,1
-60.575775,11.313927,1
-73.412722,6.997796,1
-77.064222,8.245417,1
-52.40670013,-28.26280022,1
-58.4667,-15.85,1
-62.88,-7.07,1
-43.5,-20.3833,1
-63.1333,-9.71667,1
-63,-7.4,1
-60.92,2.42,1
-55.725,-27.1839,1
-60.67,2.82,1
-63.13,-9.72,1
-56.6944,-20.1319,1
-61.57,-11.15,1
-64.1,-23.2167,1
-62.8833,-8.05,1
-44.9333,-17.35,1
-55.9391,-23.1716,1
-59.465,-18.2133,1
-47.7,-21.6,1
-45.2667,-20.8833,1
-59.3,-23.1,1
-63.8047,-24.7386,1
-56.0583,-22.6333,1
-60,-3.07,1
-57.05,-26.02,1
-56.5,-23.88,1
-60.03,-22.35,1
-56.8,-17.3333,1
-42.98,-22.43,1
-67.45,9.6,1
-73.625,4.1417,1
-66.1733,7.64556,1
-49.3833,-25.5333,1
-59.3667,-15.1819,1
-63.9,-8.76667,1
-67.3333,10.2333,1
-66.875,9.55,1
-39.7333,-7.18333,1
-44.5778,-17.8889,1
-59.78,3.83,1
-36.0309,-8.34727,1
-47.7347,-21.5725,1
-74.9128,5.2011,1
-61.73,3.75,1
-65.9583,9.15417,1
-63.7656,-24.7029,1
-56.779,-26.0921,1
-45.83,-23.63,1
-43.1167,-22.9833,1
-62.37,7.18,1
-59.72,-2.42,1
-63.7634,-24.7009,1
-62.9167,7.68333,1
-48.1167,-22.8,1
-76.6864,7.6769,1
-67.22,6.55,1
-47.35,-21.9167,1
-57.1,-25.3,1
-67.5692,8.57944,1
-67.6089,5.41083,1
-56.5125,-22.1417,1
-59.9677,-22.349,1
-59.3211,2.4753,1
-57.6362,-25.3005,1
-58.25,6.45,1
-66,-14.5,1
-46.7658,-12.9008,1
-57.9164,5.6872,1
-57.8583,5.6819,1
-57.8589,5.6819,1
-57.98,6.73,1
-58.9086,4.2516,1
-59.31,3.7522,1
-67.5,-15.5,1
-67.5333,-14.4389,1
-54.83,-23.63,1
-59.07,4.17,1
-67.38,8.87,1
-44.5667,-17.9,1
-46.4667,-17.2833,1
-55.78,-15.42,1
-40.82,-19.53,1
-60.1167,-12.7167,1
-59.3667,-15.191,1
-57.3761,-25.3141,1
-44.3667,-15.4833,1
-59.8036,3.3772,1
-55.85,-25.8667,1
-63.8667,11.05,1
-45.87888889,-6.630444444,1
-41.9031,-2.89,1
-41.7767,-2.90472,1
-41.872022,-2.802514,1
-44.3017,-20.0703,1
-43.4872,-19.9458,1
-43.4161,-20.3778,1
-43.4075,-20.0747,1
-46.0094,-17.0097,1
-44.2739,-20.0492,1
-59.1306,-3.57972,1
-43.8042,-19.9672,1
-44.6039,-21.6819,1
-41.6672,-20.5414,1
-40.7664,-17.7031,1
-43.425,-19.0372,1
-44.5775,-17.8867,1
-43.745,-19.5136,1
-49.8783,-6.49694,1
-43.9378,-19.9208,1
-43.7894,-20.0875,1
-42.5367,-19.4683,1
-44.3028,-2.52972,1
-43.4153,-19.9594,1
-44.0797,-21.0575,1
-43.0092,-18.2936,1
-43.7144,-19.1689,1
-45.5394,-20.2819,1
-43.8578,-20.4997,1
-42.8622,-16.8003,1
-42.4333,-14.8497,1
-43.2269,-19.6192,1
-44.6425,-21.4875,1
-43.3764,-19.2156,1
-36.6611,-9.7525,1
-44.1983,-19.9678,1
-47.4694,-7.33278,1
-42.4194,-19.4136,1
-48.9158,-14.9708,1
-46.4233,-15.6178,1
-42.8897,-16.5594,1
-41.38,-19.3597,1
-43.5081,-20.2875,1
-43.1739,-19.2919,1
-42.9292,-19.0583,1
-40.0722,-19.3911,1
-45.2417,-18.2064,1
-48.0783,-14.1514,1
-42.1392,-19.7897,1
-48.2772,-18.9186,1
-51.3967,-16.0078,1
-43.9833,-20.5353,1
-42.5464,-19.0731,1
-44.5764,-20.0753,1
-42.6925,-17.0833,1
-55.7497,-15.4606,1
-49.1178,-5.36861,1
-45.0694,-16.3686,1
-57.6533,-19.0092,1
-43.74499893,-19.5135994,1
-47.61000061,-21.89999962,1
-49.52890015,-11.79669952,1
-47.06000137,-22.89999962,1
-48.50439835,-1.455829978,1
-41.68579865,-20.62000084,1
-49.86999893,-22.96999931,1
-46.63,-23.54027778,1
-43.74472222,-19.51361111,1
-44.30277778,-2.529722222,1
-50.92805556,-17.79833333,1
-45.06972222,-23.43027778,1
-56.09666667,-15.59611111,1
-49.11777778,-5.368611111,1
-53.75916667,-20.44333333,1
-60.67305556,2.819722222,1
-42.94416667,-8.11,1
-52.20638889,-3.203333333,1
-52.60472222,-23.66333333,1
-40.49833333,-9.411944444,1
-39.53083333,-17.03944444,1
-37.30888889,-7.1625,1
-37.25416667,-7.223055556,1
-42.69916667,-9.015555556,1
-48.34,-24,1
-45.40972222,-23.62027778,1
-43.71416667,-19.16916667,1
-46.88,-23.18027778,1
-43.17833333,-22.505,1
-48.11972222,-22.28027778,1
-48.35,-23.4,1
-51.70736111,-20.99347222,1
-41.87311111,-20.44552778,1
-41.87313889,-20.44552778,1
-45.93333333,-23.06666667,1
-47.40999985,-22.75,1
-54.70830154,-2.443059921,1
-48.09999847,-21.71999931,1
-37.30889893,-7.162499905,1
-47.84999847,-20.57999992,1
-43.17860031,-22.50499916,1
-47.45000076,-23.5,1
-54.58229722,-26.40905,1
-51.89030075,-28.84560013,1
-48.22000122,-13.53310013,1
-48.45970154,-14.47389984,1
-51.82220078,-16.42690086,1
-53.24000168,-29.64529991,1
-53.67250061,-31.55809975,1
-53.8608017,-27.26469994,1
-53.39440155,-27.35919952,1
-55.63890076,-28.18359947,1
-51.96139908,-29.46689987,1
-52.77140045,-27.36170006,1
-54.91419983,-30.25830078,1
-52.42580032,-29.71750069,1
-55.26720047,-28.18250084,1
-53.75830078,-27.37109947,1
-52.31060028,-27.14940071,1
-55.7690395,-20.3592729,1
-50.3089167,-30.2741667,1
-53.4152778,-15.3413889,1
-58.0941667,-13.6144444,1
-52.9525,-26.8363,1
-52.9073,-26.8798,1
-53.7897222,-27.5511111,1
-51.709115,-10.850821,1
-57.4952544,-14.6195327,1
-57.4858017,-14.61940002,1
-50.94940186,-24.20829964,1
-51.76029968,-29.90500069,1
-53.46889877,-29.47170067,1
-55.19889832,-28.04470062,1
-55.53279877,-30.89080048,1
-52.90579987,-26.90250015,1
-52.9919014,-26.84810066,1
-48.55310059,-27.15780067,1
-41.3664,-21.0642,1
-40.2733,-19.8203,1
-39.0494,-14.7889,1
-47.56,-22.41,1
-47.82,-22.25,1
-53.8069,-29.6842,1
-47.89,-22.01,1
-48.36,-24.09,1
-48.5103,-8.83417,1
-51.9386,-23.4253,1
-47.61,-21.9,1
-47.4664,-6.5625,1
-43.4181,-13.255,1
-38.9967,-14.2775,1
-48.76,-24.22,1
-47.06,-22.9,1
-45.31,-23.22,1
-48.5044,-1.45583,1
-48.41,-23.49,1
-46.6731,-9.59417,1
-52.545,-16.1961,1
-36.3508,-9.78194,1
-42.8256,-8.21389,1
-47.33,-22.73,1
-53.1153,-30.8719,1
-47.62,-22.22,1
-47.47,-21.71,1
-49.5564,-8.80361,1
-51.6783,-20.7511,1
-47.71,-23.81,1
-56.6228,-16.2567,1
-49.0686,-11.7292,1
-61.0128,-11.5247,1
-47.47,-20.25,1
-52.16,-22.53,1
-39.8589,-18.7161,1
-43.2544,-2.50028,1
-46.9406,-19.5933,1
-42.475,-14.0694,1
-47.3992,-6.33833,1
-50.9281,-17.7981,1
-50.41,-22.66,1
-47.42,-21.99,1
-49.06,-22.31,1
-53.5653,-30.1606,1
-50.4517,-18.4483,1
-46.58,-23.31,1
-44.4147,-2.40889,1
-44.4328,-13.6194,1
-56.4819,-21.1211,1
-35.4933,-9.23833,1
-44.9733,-12.3633,1
-47.5,-23.96,1
-47.5047,-4.94667,1
-48.53,-22.303889,1
-51.06639862,-0.366667002,1
-49.5434,-21.0767,1
-47.174,-22.5619,1
-50.9267,-20.2109,1
-49.1933,-20.3633,1
-49.2526,-20.3792,1
-49.2751,-20.3745,1
-49.1982,-20.3578,1
-49.2388,-20.3641,1
-49.3794,-20.8197,1
-52.3293,-22.3699,1
-52.1669,-22.6169,1
-49.9287,-21.0344,1
-49.1977,-20.3411,1
-51.7734,-17.9385,1
-49.4343,-20.3915,1
-48.4782,-20.9316,1
-56.1514,-19.5727,1
-56.1496,-19.5683,1
-56.146,-19.5635,1
-56.146,-19.5723,1
-56.1141,-19.565,1
-56.1129,-19.5638,1
-56.1305,-19.5346,1
-56.1272,-19.5419,1
-56.1264,-19.5421,1
-56.1212,-19.5136,1
-56.1206,-19.5697,1
-56.1158,-19.5571,1
-56.1151,-19.5529,1
-56.1339,-19.5488,1
-56.1375,-19.5519,1
-56.1555,-19.5735,1
-57.0139,-19.481,1
-57.0084,-19.4746,1
-57.0145,-19.479,1
-57.0128,-19.4826,1
-57.006,-19.5281,1
-57.0005,-19.5407,1
-49.3001,-20.815,1
-49.3023,-20.8294,1
-49.3059,-20.8378,1
-49.2908,-20.8526,1
-49.4222,-20.87,1
-49.439,-20.8765,1
-49.4614,-20.8641,1
-49.4743,-20.8469,1
-49.5378,-20.7829,1
-49.5455,-20.7896,1
-49.4688,-20.723,1
-49.3837,-20.7101,1
-49.429,-20.6746,1
-49.4755,-20.8618,1
-49.4329,-20.696,1
-49.476,-20.7481,1
-49.4811,-20.7728,1
-48.4448,-22.8859,1
-48.4941,-22.8902,1
-49.3799,-20.8111,1
-56.1506,-19.5779,1
-57.0192,-19.5769,1
-67.5666667,-14.4666667,1
-58.35,5.783333,1
-53.8,-29.68333,1
-60.02528,-3.11333,1
-57.65,-19.01667,1
-63.18339,-4.10944,1
-74.191214,10.514468,1
-74.1895,10.516192,1
-72.575,3.958333333,1
-73.641652,4.138959,1
-54.091507,5.50573,1
-59.88,-22.103,1
-40.273333,-19.820278,1
-40.072222,-19.391111,1
-39.858889,-18.716111,1
-40.052222,-18.009722,1
-40.600278,-19.935556,1
-40.833889,-21.011111,1
-41.635,-22.106111,1
-39.732222,-18.593333,1
-40.606944,-20.783056,1
-41.363611,-21.724722,1
-40.406667,-19.9325,1
-40.183333,-20.1025,1
-41.124167,-21.228333,1
-41.643333,-22.118889,1
-40.890833,-18.755,1
-40.64559937,-20.80579948,1
-40.83060074,-18.37330055,1
-40.36970139,-19.83189964,1
-40.6568985,-19.73889923,1
-40.33779907,-20.31940079,1
-43.8467,-19.9856,1
-55.8894,-15.48,1
-54.7664,-12.9931,1
-59.3525,-15.2588,1
-55.9402,-13.0556,1
-58.4572,-15.2558,1
-56.5281,-15.8315,1
-54.624,-16.4853,1
-57.8369,-16.5165,1
-57.995,-12.4251,1
-55.8278,-14.6628,1
-55.5396,-15.1071,1
-56.9485,-16.7845,1
-54.668,-16.5198,1
-56.7233,-18.731,1
-54.9605,-9.6808,1
-58.58,-15.1,1
-56.9466,-10.3911,1
-56.0318,-16.8204,1
-56.3661,-10.055,1
-57.6918,-15.0433,1
-56.1657,-13.0377,1
-54.436,-17.646,1
-58.4395,-15.0853,1
-58.3104,-14.4346,1
-55.4364,-16.4825,1
-61.8506,-12.1281,1
-56.9591,-14.7284,1
-59.983,-15.1875,1
-49.2905,-21.2013,1
-49.1979,-20.3412,1
-50.4851,-20.197,1
-49.9738,-21.0152,1
-49.9291,-20.7427,1
-49.4344,-20.3916,1
-49.9694,-23.1606,1
-49.8705,-22.9794,1
-52.1716,-22.6214,1
-49.358,-21.7369,1
-50.349,-20.926,1
-50.4338,-20.0036,1
-48.8229,-20.485,1
-47.7972,-21.6031,1
-49.5022,-21.3992,1
-48.5372,-21.6205,1
-49.137,-22.4169,1
-49.0707,-22.3216,1
-50.2524,-24.5607,1
-51.8567,-23.8656,1
-48.4467,-22.2697,1
-48.8659,-22.4317,1
-48.5306,-22.3027,1
-50.4389,-21.2061,1
-47.8863,-18.8031,1
-48.0196,-19.3139,1
-49.3945,-21.5842,1
-49.5,-21.3425,1
-50.226,-20.6445,1
-52.1746,-21.7528,1
-51.172,-22.1463,1
-50.5136,-21.9347,1
-50.4667,-21.4002,1
-51.3882,-22.123,1
-51.5537,-22.0068,1
-51.4134,-21.9557,1
-51.4357,-21.5139,1
-51.5334,-21.4837,1
-51.5206,-21.9304,1
-51.0728,-21.6857,1
-50.4483,-21.5591,1
-50.3085,-21.2929,1
-49.2073,-20.3052,1
-51.9685,-23.4348,1
-57.6532,-19.0012,1
-42.7685,-5.041,1
-63.0298,-7.5169,1
-63.0259,-7.5076,1
-48.5396,-12.0371,1
-45.2314,-18.2059,1
-43.8937,-19.6385,1
-58.1782,-15.6261,1
-56.8221,-16.6856,1
-47.6946,-22.1179,1
-49.5113,-20.8241,1
-43.5053,-20.0714,1
-48.9728,-21.1382,1
-47.6256,-22.2206,1
-49.4643,-20.6169,1
-42.8112,-5.0904,1
-50.8965,-20.1888,1
-50.9266,-20.2113,1
-50.8937,-20.1852,1
-49.3796,-20.8108,1
-49.4456,-20.9177,1
-49.915,-20.0796,1
-49.2211,-21.4691,1
-49.7799,-20.4819,1
-49.6496,-20.6262,1
-56.5278,-22.1138,1
-49.0594,-20.5242,1
-49.7142,-20.7725,1
-49.497,-21.0162,1
-49.183,-21.1059,1
-49.2201,-20.7953,1
-49.6814,-19.981,1
-49.0741,-21.6204,1
-49.0312,-20.9635,1
-50.1456,-20.677,1
-49.3594,-20.7854,1
-48.3167,-21.2566,1
-49.2008,-20.3515,1
-48.4322,-22.8562,1
-48.492,-22.8978,1
-51.9783,-23.9134,1
-51.9552,-23.9184,1
-51.9507,-23.9031,1
-72.78833333,-9.086111111,1
-72.74111111,-9.040833333,1
-72.79170227,-8.941109657,1
-56.615556,-20.086667,1
-56.618889,-18.988056,1
-57.018333,-19.576667,1
-62.485,-10.404167,1
-53.312222,-17.909167,1
-56.783333,-19.05,1
-54.589425,-20.394353,1
-54.568889,-19.386389,1
-57.695278,-21.633611,1
-57.474722,-18.090556,1
-57.622222,-19.240833,1
-42.235,-20.60225,1
-54.75141,-20.538759,1
-54.616667,-20.433333,1
-54.876669,-20.759263,1
-56.516179,-20.982435,1
-54.732639,-22.328556,1
-54.736028,-22.329639,1
-56.515,-20.996,1
-54.905619,-19.804106,1
-43.63059998,-10.70779991,1
-55.78720093,-20.47109985,1
-56.71500015,-20.53860092,1
-54.64640045,-20.44280052,1
-57.65330124,-19.00919914,1
-57.88249969,-21.69890022,1
-54.56639862,-19.39529991,1
-51.47999954,-20.87000084,1
-49.24670029,-8.283889771,1
-48.41719818,-10.70810032,1
-56.48189926,-21.12109947,1
-57.60169983,-19.00469971,1
-49.62360001,-10.79360008,1
-54.78939819,-22.07889938,1
-54.54639816,-21.80190086,1
-55.83000183,-21.13529968,1
-48.36029816,-10.21280003,1
-53.12919998,-18.54389954,1
-54.82939911,-19.83169937,1
-54.38389969,-21.46579933,1
-53.70610046,-18.32419968,1
-46.61719894,-7.361939907,1
-44.55830002,-7.222780228,1
-54.96139908,-20.93190002,1
-43.850824,-4.3850824,1
-61.37060165,3.652220011,1
-48.43999863,-22.87999916,1
-46.97999954,-22.70000076,1
-61.9516983,-10.88529968,1
-55.51810074,-1.917500019,1
-39.28440094,-14.59309959,1
-56.09669876,-15.59609985,1
-47.0503006,-14.44859982,1
-46.83000183,-23,1
-47.81999969,-22.25,1
-44.13560104,-22.72310066,1
-45.84000015,-23.53000069,1
-46.63000107,-23.54000092,1
-35.493333,-9.238889,1
-47.61000061,-23.5,1
-40.27330017,-19.82029915,1
-60.6733017,2.81972003,1
-44.43080139,-18.75639915,1
-41.66719818,-20.54140091,1
-45.88000107,-23.17000008,1
-40.30780029,-20.12859917,1
-42.96559906,-22.41220093,1
-51.1628,-23.3103,1
-50.98,-23.2542,1
-49.87,-22.97,1
-50.7511,-23.08,1
-51.2311,-22.7803,1
-50.9131,-23.07,1
-63.9039,-8.76194,1
-50.64,-21.26,1
-40.18333333,-20.1025,1
-75.1833333,3.3333333,1
-75.5,3.8333333,1
-63.5,6.33333,1
-73.6166667,4.15,1
-71.6666667,5.4166667,1
-57.7209,-21.71,1
-57.5564,-19.0184,1
-53.6571,-22.9218,1
