long,'lat','latrans'
-59.14736,-37.262158,1
-64.012859,-36.505324,1
-62.477501,-35.898335,1
-63.023213,-35.703575,1
-63.023893,-35.702563,1
-63.788067,-35.636305,1
-63.78813,-35.636286,1
-59.618198,-35.634104,1
-59.793805,-35.612491,1
-59.793977,-35.612421,1
-57.996254,-35.611546,1
-58.933686,-35.328853,1
-57.394803,-35.136901,1
-58.120475,-35.055229,1
-58.119857,-35.054897,1
-58.120919,-35.054465,1
-63.04422,-35.04807,1
-63.043533,-35.047789,1
-62.999073,-35.0118,1
-62.9977,-35.010936,1
-62.997697,-35.010804,1
-62.99907,-35.010804,1
-63.000103,-35.010746,1
-62.999414,-35.010522,1
-62.99873,-35.009902,1
-58.127204,-34.984173,1
-58.282805,-34.892532,1
-58.282704,-34.892489,1
-58.282692,-34.892488,1
-55.219322,-34.889745,1
-62.991863,-34.873407,1
-57.828133,-34.869522,1
-58.414288,-34.859147,1
-55.439522,-34.790523,1
-59.031525,-34.790056,1
-54.893895,-34.787095,1
-54.893778,-34.784417,1
-55.726933,-34.768777,1
-58.539896,-34.742078,1
-58.53894,-34.741132,1
-58.536493,-34.740079,1
-58.534131,-34.737864,1
-58.541891,-34.737726,1
-58.53894,-34.736994,1
-58.514943,-34.734171,1
-58.509507,-34.731903,1
-55.504345,-34.731525,1
-58.442376,-34.681077,1
-58.466112,-34.664179,1
-58.314558,-34.663339,1
-58.354521,-34.616228,1
-58.354583,-34.616178,1
-58.350922,-34.608106,1
-58.350964,-34.608063,1
-58.482336,-34.595263,1
-58.482055,-34.5951,1
-58.481994,-34.59506,1
-58.480987,-34.594658,1
-58.478626,-34.594206,1
-55.465081,-34.592163,1
-58.443664,-34.538547,1
-59.076194,-34.491335,1
-58.839265,-34.474587,1
-58.496215,-34.470031,1
-58.495484,-34.468708,1
-53.867467,-34.425031,1
-53.867436,-34.424864,1
-53.868169,-34.424491,1
-53.868485,-34.424231,1
-53.868408,-34.424072,1
-53.868432,-34.42403,1
-53.868084,-34.423768,1
-53.867909,-34.423742,1
-53.867709,-34.42369,1
-58.916287,-34.412999,1
-58.915912,-34.412654,1
-55.315833,-34.409722,1
-58.752859,-34.358467,1
-58.784943,-34.340252,1
-59.004663,-34.338677,1
-59.00111,-34.337502,1
-59.001492,-34.337498,1
-59.001389,-34.337223,1
-58.828178,-34.328767,1
-58.828146,-34.328766,1
-58.828342,-34.328757,1
-58.78143,-34.308588,1
-54.621164,-34.276156,1
-62.715557,-34.272221,1
-58.65467,-34.241649,1
-58.883049,-34.235683,1
-58.746425,-34.160575,1
-53.70137,-34.151181,1
-53.701367,-34.151178,1
-53.585696,-34.004417,1
-53.511733,-33.901077,1
-59.508011,-33.81681,1
-59.175598,-33.742048,1
-58.658338,-33.714637,1
-58.739921,-33.498153,1
-58.784012,-33.487242,1
-56.521316,-33.345378,1
-68.699527,-33.278266,1
-61.14748,-33.058592,1
-58.4547,-33.040702,1
-58.456998,-33.038678,1
-54.6552,-33.01096,1
-58.511167,-33.007778,1
-60.622514,-33.006312,1
-58.499757,-32.97885,1
-54.443889,-32.911389,1
-58.764609,-32.902264,1
-58.08,-32.799167,1
-53.388889,-32.590556,1
-58.037922,-32.529125,1
-58.037894,-32.529087,1
-55.76583611,-32.52277778,1
-58.052345,-32.465221,1
-58.513535,-32.424958,1
-53.75855,-32.14045,1
-60.172483,-32.075576,1
-60.172766,-32.075183,1
-52.09859848,-32.03499985,1
-54.127505,-31.937742,1
-54.154528,-31.894556,1
-54.163028,-31.888944,1
-52.8105556,-31.8797222,1
-58.256344,-31.865708,1
-58.266246,-31.863764,1
-60.847435,-31.835055,1
-52.3594444,-31.7761111,1
-52.3427778,-31.7719444,1
-52.34643,-31.744293,1
-60.83929,-31.738947,1
-60.842731,-31.738373,1
-60.843677,-31.738312,1
-60.844981,-31.738035,1
-60.862671,-31.735067,1
-60.871963,-31.733761,1
-60.849428,-31.705422,1
-60.765585,-31.668792,1
-60.761634,-31.662219,1
-60.757546,-31.655809,1
-60.901177,-31.649095,1
-60.591096,-31.608007,1
-53.7166667,-31.6,1
-53.7325,-31.5986111,1
-53.7283333,-31.5977222,1
-53.7251667,-31.5965278,1
-53.7244722,-31.5956944,1
-53.71425,-31.5871389,1
-53.6980278,-31.5857778,1
-61.395035,-31.570199,1
-53.6901389,-31.5637222,1
-53.67250061,-31.55809975,1
-53.6999722,-31.5525556,1
-53.7003056,-31.5521389,1
-53.6989444,-31.5521389,1
-53.6990556,-31.5519722,1
-53.7001667,-31.5518889,1
-53.7,-31.5518889,1
-53.7366111,-31.5516667,1
-53.7473333,-31.5510278,1
-53.74725,-31.5508889,1
-53.7375,-31.5506389,1
-53.7553889,-31.5491667,1
-53.7554444,-31.5491389,1
-53.7560278,-31.5490556,1
-53.7549167,-31.5489444,1
-61.013985,-31.49295,1
-58.107262,-31.458913,1
-53.6852778,-31.4525,1
-53.6903056,-31.4403056,1
-58.100848,-31.418365,1
-51.0166667,-31.4166667,1
-61.175659,-31.394637,1
-60.91781,-31.38434,1
-58.117955,-31.370201,1
-51.9788889,-31.3627778,1
-64.462682,-31.327702,1
-51.054067,-31.303442,1
-69.443069,-31.213608,1
-50.9477778,-31.1083333,1
-50.947778,-31.108333,1
-50.92110062,-31.10689926,1
-50.943611,-31.078889,1
-50.9436111,-31.0788889,1
-50.9711111,-31.0463889,1
-54.67309952,-30.98279953,1
-51.49779892,-30.91500092,1
-55.53279877,-30.89080048,1
-55.7629667,-30.7689,1
-51.65,-30.7544444,1
-55.3120005,-30.7194844,1
-67.492955,-30.710235,1
-67.496211,-30.700318,1
-67.50036,-30.69786,1
-67.500703,-30.697565,1
-51.5636111,-30.5916667,1
-53.49140167,-30.5121994,1
-50.2547222,-30.3072222,1
-50.3089167,-30.2741667,1
-50.50970078,-30.25779915,1
-50.23279953,-30.24749947,1
-54.98948,-30.2382,1
-51.0944319,-30.2212095,1
-50.2158333,-30.2025,1
-57.643887,-30.197267,1
-61.174662,-30.186775,1
-61.186037,-30.186615,1
-55.25403,-30.1231,1
-51.32500076,-30.11389923,1
-51.6724264,-30.0922433,1
-51.672426,-30.092243,1
-51.02330017,-30.08110046,1
-51.72919846,-30.07719994,1
-55.28523,-30.07667,1
-51.22999954,-30.03310013,1
-50.13359833,-29.98469925,1
-51.72219849,-29.95919991,1
-51.7181015,-29.94330025,1
-51.0163889,-29.9358333,1
-51.76029968,-29.90500069,1
-50.068514,-29.868353,1
-50.6745,-29.7975278,1
-57.0882988,-29.75469971,1
-51.164952,-29.720588,1
-50.0476944,-29.6503611,1
-53.35720062,-29.62170029,1
-49.9843056,-29.6039167,1
-50.0267222,-29.5909444,1
-50.07080078,-29.58530045,1
-49.88890076,-29.55139923,1
-50.208787,-29.486488,1
-50.1738889,-29.4819444,1
-50.173889,-29.481944,1
-53.46889877,-29.47170067,1
-51.96139908,-29.46689987,1
-50.2166667,-29.45,1
-50.58333333,-29.44833333,1
-50.58359909,-29.44809914,1
-50.3769444,-29.4213889,1
-50.899422,-29.408117,1
-50.29645,-29.40183,1
-49.8836111,-29.3977778,1
-49.8958333,-29.3880556,1
-51.5659785,-29.3827123,1
-51.11439896,-29.37639999,1
-49.84970093,-29.36940002,1
-49.9338889,-29.3652778,1
-49.72689819,-29.33530045,1
-49.61669922,-29.11389923,1
-51.8463889,-28.9847222,1
-51.8368988,-28.98360062,1
-50.0658333,-28.7477778,1
-49.29972222,-28.71333333,1
-49.652779,-28.71159,1
-53.716111,-28.678056,1
-49.36970139,-28.67749977,1
-50.41669846,-28.6678009,1
-56.00439835,-28.66060066,1
-53.593699,-28.650535,1
-57.168518,-28.539007,1
-57.185943,-28.537681,1
-57.172717,-28.53494,1
-50.93389893,-28.5121994,1
-48.78079987,-28.48250008,1
-49.00690079,-28.4666996,1
-51.1841667,-28.3263889,1
-54.26309967,-28.29920006,1
-52.40670013,-28.26280022,1
-51.186756,-28.059667,1
-52.67720032,-28.05920029,1
-51.193772,-28.052256,1
-51.343932,-27.914263,1
-55.13750076,-27.90559959,1
-50.76079941,-27.89920044,1
-48.5666667,-27.8166667,1
-50.3260994,-27.81609917,1
-54.4817009,-27.75639915,1
-48.82360077,-27.69389915,1
-51.13000107,-27.68919945,1
-48.6678009,-27.64529991,1
-51.33639908,-27.63439941,1
-51.5202644,-27.6192208,1
-51.02249908,-27.61109924,1
-48.54919815,-27.59670067,1
-48.493072,-27.488762,1
-48.426182,-27.425852,1
-51.22499847,-27.40169907,1
-58.683661,-27.375385,1
-58.693732,-27.374734,1
-53.75830078,-27.37109947,1
-53.39440155,-27.35919952,1
-53.05860138,-27.32889938,1
-52.32310104,-27.29059982,1
-50.58440018,-27.28280067,1
-52.02780151,-27.23419952,1
-53.8513377,-27.2326704,1
-48.5438889,-27.1838889,1
-49.5419,-27.1661,1
-48.55310059,-27.15780067,1
-51.900319,-27.147546,1
-52.78720093,-27.13190079,1
-50.05676,-27.108242,1
-48.61138889,-27.09055556,1
-49.5178,-27.0569,1
-49.49836,-26.974636,1
-50.69530106,-26.92889977,1
-49.06583333,-26.91944444,1
-49.06610107,-26.91939926,1
-49.2317,-26.8978,1
-52.9919014,-26.84810066,1
-49.3644,-26.7828,1
-51.01499939,-26.77529907,1
-48.6783208,-26.7409722,1
-54.252623,-26.717371,1
-54.264908,-26.689048,1
-54.11749,-26.625094,1
-51.6742,-26.5242,1
-51.6707,-26.4996,1
-51.6661,-26.4951,1
-51.3586,-26.4207,1
-51.3591,-26.4202,1
-51.3888,-26.4063,1
-48.6381,-26.2433,1
-50.79970169,-26.23859978,1
-51.07830048,-26.23810005,1
-51.08639908,-26.22999954,1
-50.38999939,-26.17720032,1
-51.65969849,-25.69560051,1
-48.517308,-25.69374,1
-49.05,-25.6832,1
-50.212151,-25.561754,1
-53.40810013,-25.43560028,1
-49.07433,-25.430073,1
-49.27310181,-25.42779922,1
-49.855464,-25.254014,1
-50.0137,-25.2496,1
-53.9,-24.7375,1
-47.54972222,-24.70027778,1
-47.54999924,-24.70000076,1
-48.59000015,-24.57999992,1
-50.2524,-24.5607,1
-47.2039,-24.5338,1
-47.024367,-24.363123,1
-50.6156,-24.3239,1
-50.94940186,-24.20829964,1
-48.36,-24.09027778,1
-48.36000061,-24.09000015,1
-46.4,-24,1
-46.40000153,-24,1
-46.7356,-23.9807,1
-46.38999939,-23.95999908,1
-51.8567,-23.8656,1
-46.13,-23.85027778,1
-50.18777778,-23.84861111,1
-46.979915,-23.775374,1
-45.9163,-23.7619,1
-46.402168,-23.746262,1
-45.933403,-23.72848,1
-45.7528,-23.7264,1
-46.56000137,-23.69000053,1
-46.52999878,-23.65999985,1
-45.40999985,-23.62000084,1
-46.63,-23.54027778,1
-45.06972222,-23.43027778,1
-48.35,-23.4,1
-44.8263,-23.364,1
-44.8326,-23.3593,1
-44.8334,-23.3588,1
-44.8507,-23.3588,1
-44.8265,-23.3563,1
-44.855,-23.3526,1
-44.8482,-23.3459,1
-51.1628,-23.3103,1
-51.0481,-23.2692,1
-46.9408,-23.2339,1
-50.7511,-23.08,1
-50.9131,-23.07,1
-49.87,-22.97,1
-42.983326,-22.929784,1
-42.928013,-22.913583,1
-43.20750046,-22.90279961,1
-47.06000137,-22.89999962,1
-48.445,-22.886667,1
-48.43972222,-22.88,1
-45.6617,-22.8257,1
-46.14444444,-22.75555556,1
-43.611132,-22.714628,1
-46.228293,-22.705081,1
-44.43972222,-22.67027778,1
-54.8222,-22.6342,1
-43.89810181,-22.62919998,1
-45.16527778,-22.61333333,1
-43.226437,-22.5903,1
-43.478673,-22.469964,1
-42.770408,-22.452688,1
-42.771617,-22.449282,1
-42.752041,-22.436458,1
-43.309895,-22.412447,1
-42.17694444,-22.32861111,1
-42.176944,-22.328611,1
-48.5306,-22.3027,1
-48.11972222,-22.28027778,1
-41.645444,-22.271556,1
-41.645361,-22.271222,1
-41.646167,-22.270806,1
-41.6465,-22.27075,1
-41.645833,-22.270611,1
-48.4467,-22.2697,1
-41.6355,-22.267139,1
-41.65655,-22.262706,1
-41.65875,-22.26025,1
-41.658972,-22.260083,1
-41.658139,-22.259833,1
-41.660122,-22.259592,1
-41.657972,-22.259583,1
-41.662167,-22.257778,1
-41.662972,-22.254694,1
-41.663472,-22.254417,1
-41.664194,-22.254306,1
-41.664139,-22.254194,1
-41.663833,-22.254028,1
-47.81999969,-22.25,1
-41.665011,-22.248403,1
-43.209939,-22.115653,1
-43.82780075,-22.08919907,1
-47.646,-21.72,1
-57.8821,-21.6986,1
-47.7972,-21.6031,1
-41.286389,-21.599722,1
-41.26,-21.533889,1
-43.589823,-21.465856,1
-41.2175,-21.453889,1
-42.204167,-21.335278,1
-41.137778,-21.286389,1
-42.23749924,-21.24500084,1
-41.124167,-21.228333,1
-47.81000137,-21.17000008,1
-42.36640167,-21.13059998,1
-41.046667,-21.098889,1
-49.5434,-21.0767,1
-40.833889,-21.011111,1
-51.70736111,-20.99347222,1
-41.623333,-20.945556,1
-41.624444,-20.917222,1
-42.0286,-20.904772,1
-49.349724,-20.899641,1
-41.623611,-20.891111,1
-51.47999954,-20.87000084,1
-42.754933,-20.818346,1
-40.645556,-20.805833,1
-40.64559937,-20.80579948,1
-41.453994,-20.758014,1
-41.455765,-20.757719,1
-41.453335,-20.756945,1
-45.431076,-20.746956,1
-43.483056,-20.671389,1
-40.4975,-20.666667,1
-40.51100159,-20.65800095,1
-42.14860153,-20.61440086,1
-41.18470001,-20.60359955,1
-42.235,-20.60225,1
-40.471111,-20.551667,1
-40.801667,-20.550833,1
-41.66719818,-20.54140091,1
-54.75141,-20.538759,1
-43.9833,-20.5353,1
-43.54,-20.53,1
-40.797222,-20.526667,1
-41.084039,-20.516783,1
-43.8578,-20.4997,1
-41.4131012,-20.46419907,1
-40.638333,-20.455556,1
-40.324444,-20.422778,1
-40.330108,-20.415172,1
-40.683056,-20.412778,1
-43.4161,-20.3778,1
-40.65919876,-20.36330032,1
-45.66674,-20.36076,1
-40.490833,-20.358611,1
-51.41166667,-20.35722222,1
-51.411667,-20.357222,1
-45.666666,-20.35487,1
-40.29249954,-20.32970047,1
-40.57,-20.326389,1
-43.235379,-20.324137,1
-40.337778,-20.319444,1
-40.33779907,-20.31940079,1
-40.3378,-20.3194,1
-40.35,-20.316667,1
-40.456667,-20.290833,1
-40.52194444,-20.28111111,1
-40.521944,-20.281111,1
-40.416667,-20.266667,1
-40.466667,-20.266667,1
-40.42,-20.263889,1
-40.652546,-20.23601,1
-40.831783,-20.213313,1
-44.4211,-20.1967,1
-40.343333,-20.149167,1
-44.1997,-20.1433,1
-40.307778,-20.128611,1
-40.183333,-20.1025,1
-40.18333333,-20.1025,1
-43.4075,-20.0747,1
-44.732375,-20.069717,1
-44.2739,-20.0492,1
-44.869233,-19.985175,1
-40.143611,-19.969194,1
-40.540447,-19.965183,1
-43.4153,-19.9594,1
-40.533333,-19.95,1
-43.4872,-19.9458,1
-40.600119,-19.935778,1
-40.60029984,-19.93560028,1
-40.6003,-19.9356,1
-40.600278,-19.935556,1
-40.406667,-19.9325,1
-46.8231,-19.9222,1
-43.9378,-19.9208,1
-49.217128,-19.91345,1
-43.952812,-19.868759,1
-40.066711,-19.839517,1
-40.36970139,-19.83189964,1
-42.3161,-19.8289,1
-40.273333,-19.820278,1
-40.335111,-19.818889,1
-54.94,-19.801667,1
-40.32225,-19.794917,1
-42.1392,-19.7897,1
-40.316667,-19.783333,1
-40.6568985,-19.73889923,1
-40.731667,-19.673611,1
-43.226944,-19.62,1
-43.2269,-19.6192,1
-56.1506,-19.5779,1
-57.018906,-19.576734,1
-39.84265,-19.57405,1
-51.895472,-19.559639,1
-42.521722,-19.552642,1
-39.852778,-19.548889,1
-40.630556,-19.54,1
-40.630556,-19.539444,1
-41.01580048,-19.51889992,1
-43.74472222,-19.51361111,1
-43.745,-19.5136,1
-43.74499893,-19.5135994,1
-41.0639,-19.4958,1
-42.5367,-19.4683,1
-44.2467,-19.4658,1
-42.21780014,-19.43670082,1
-40.072222,-19.391111,1
-39.933333,-19.391111,1
-40.0722,-19.3911,1
-40.07220078,-19.39109993,1
-48.0196,-19.3139,1
-39.722222,-19.2,1
-43.71416667,-19.16916667,1
-43.7144,-19.1689,1
-47.6747,-19.1525,1
-39.778333,-19.118611,1
-46.6897,-19.1114,1
-43.1417,-19.0889,1
-43.425,-19.0372,1
-57.510619,-19.022219,1
-57.6533,-19.0092,1
-57.65330124,-19.00919914,1
-46.772549,-19.001208,1
-47.8863,-18.8031,1
-44.4308,-18.7564,1
-39.856744,-18.717657,1
-39.858889,-18.716111,1
-43.5622,-18.6144,1
-43.3794,-18.6047,1
-39.732222,-18.593333,1
-39.7322,-18.5933,1
-40.978169,-18.521125,1
-43.3067,-18.4658,1
-49.2153,-18.4192,1
-44.4564,-18.3808,1
-44.206111,-18.36,1
-39.844167,-18.355278,1
-39.84416667,-18.35527778,1
-40.848889,-18.332778,1
-42.1433,-18.3244,1
-40.646389,-18.257778,1
-42.414002,-18.187658,1
-40.052222,-18.009722,1
-40.385,-17.9425,1
-44.1722,-17.7575,1
-40.7664,-17.7031,1
-39.2208,-17.3411,1
-49.7668,-17.090941,1
-39.325654,-17.090291,1
-43.3089,-17.0647,1
-46.0094,-17.0097,1
-43.631389,-16.797778,1
-45.4139,-16.69,1
-42.88970184,-16.55940056,1
-42.8897,-16.5594,1
-39.06444444,-16.44972222,1
-56.599365,-16.385519,1
-45.0694,-16.3686,1
-51.3967,-16.0078,1
-48.025805,-15.837201,1
-44.3617,-15.4881,1
-44.0919,-15.1022,1
-42.4333,-14.8497,1
-39.04940033,-14.78890038,1
-39.0494,-14.7889,1
-39.28027778,-14.78583333,1
-42.9403,-14.5731,1
-40.04479,-14.449201,1
-39.842778,-14.284444,1
-39.84277778,-14.28361111,1
-39.84280014,-14.28359985,1
-42.475,-14.0694,1
-39.104167,-13.945278,1
-58.1266667,-13.6327778,1
-38.914444,-13.618611,1
-41.3708,-13.0053,1
-41.3314,-12.8072,1
-64.22720337,-12.44499969,1
-49.1742,-12.1308,1
-41.85555556,-11.30444444,1
-36.5864,-10.2903,1
-36.17559814,-10.12559986,1
-36.6611,-9.7525,1
-35.39805556,-9.045277778,1
-42.69916667,-9.015555556,1
-35.856242,-8.694093,1
-34.90638889,-7.834444444,1
-34.82555556,-7.748055556,1
-47.3142,-7.71,1
-46.04215,-7.541323,1
-38.485812,-7.427658,1
-47.4903,-7.33611,1
-47.4694,-7.33278,1
-34.928185,-7.225079,1
-36.824369,-7.210182,1
-49.8783,-6.49694,1
-36.521043,-6.25779,1
-49.1178,-5.36861,1
-39.039295,-5.075468,1
-55.98360062,-4.276110172,1
-52.20638889,-3.203333333,1
-55.86610031,-1.765560031,1
-57.5106,-19.0222,1
-57.5564,-19.0184,1
