long,'lat','macro'
-72.7143333,-7.5593667,1
-72.6776333,-7.6104833,1
-72.670278,-7.631667,1
-72.65815,-7.6751,1
-68.56,-33.05,1
-67.5333,-14.4389,1
-66,-14.5,1
-65.21667,-26.81667,1
-64.9322,-27.0719,1
-64.8667,-27.4833,1
-64.6333,-25.3833,1
-64.1,-23.2167,1
-64.1,-23.1715,1
-64.0333,-24.4167,1
-63.969476,-23.070823,1
-63.8711111,-8.8686111,1
-63.563734,-23.207606,1
-63.2167,-17.3333,1
-62.697792,-22.269845,1
-61.85,-23.9,1
-60.035,-22.3071,1
-60.0333,-21.4469,1
-60.03,-22.35,1
-59.983,-15.1875,1
-59.9769,-20.0167,1
-59.9677,-22.349,1
-59.58,-20,1
-59.465,-18.2133,1
-59.3727,-22.9521,1
-59.18333,-23.2,1
-58.8619,-15.3173,1
-58.8598,-23.4304,1
-58.8333,-27.4667,1
-58.58,-15.1,1
-58.4572,-15.2558,1
-58.445,-23.9252,1
-58.4395,-15.0853,1
-58.3104,-14.4346,1
-58.11560059,-15.2407999,1
-58.0384,-24.4999,1
-58.0359,-24.5594,1
-57.9993,-25.2513,1
-57.995,-12.4251,1
-57.92,-19.22,1
-57.88249969,-21.69890022,1
-57.8821,-21.6986,1
-57.8369,-16.5165,1
-57.816304,-21.606489,1
-57.803056,-21.776111,1
-57.763611,-21.703333,1
-57.737778,-21.624167,1
-57.734722,-21.688889,1
-57.733889,-21.660833,1
-57.728611,-21.670833,1
-57.726389,-21.658889,1
-57.723611,-21.690556,1
-57.721111,-21.71,1
-57.721111,-21.690278,1
-57.720915,-21.709952,1
-57.720833,-21.701944,1
-57.716908,-21.692938,1
-57.713056,-21.703889,1
-57.705278,-21.638333,1
-57.695278,-21.633611,1
-57.65330124,-19.00919914,1
-57.6533,-19.0092,1
-57.6388,-21.5139,1
-57.622222,-19.240833,1
-57.60169983,-19.00469971,1
-57.55469894,-30.2071991,1
-57.510619,-19.022219,1
-57.4858,-14.6194,1
-57.474722,-18.090556,1
-57.45,-19.6167,1
-57.3761,-25.3141,1
-57.3734,-25.3022,1
-57.1501,-23.4167,1
-57.0882988,-29.75469971,1
-57.05,-26.02,1
-57.0429,-19.4693,1
-57.037544,-19.485006,1
-57.022,-19.4706,1
-57.021667,-19.575221,1
-57.019162,-19.577054,1
-57.01891,-19.576738,1
-57.018892,-19.576983,1
-57.018889,-19.576972,1
-57.018333,-19.576667,1
-57.011667,-19.576944,1
-57.0084,-19.4746,1
-57.0083,-19.474,1
-57.004,-19.4759,1
-56.9485,-16.7845,1
-56.8833,-25.9833,1
-56.825472,-19.610306,1
-56.8,-25.4,1
-56.8,-17.3333,1
-56.7834,-13.5907,1
-56.783333,-19.05,1
-56.779,-26.1011,1
-56.7667,-25.1667,1
-56.7233,-18.731,1
-56.71500015,-20.53860092,1
-56.6944,-20.1319,1
-56.65,-18.983333,1
-56.6375,-14.7487,1
-56.6228,-16.2567,1
-56.621944,-18.989078,1
-56.621944,-18.986389,1
-56.619111,-18.988056,1
-56.618889,-18.988056,1
-56.615556,-20.086667,1
-56.575,-19.432778,1
-56.566944,-19.418056,1
-56.5281,-15.8315,1
-56.521065,-20.968508,1
-56.516944,-20.981389,1
-56.5167,-20.2,1
-56.516179,-20.982435,1
-56.515,-20.996,1
-56.5125,-22.1417,1
-56.5,-23.88,1
-56.4819,-21.1211,1
-56.48189926,-21.12109947,1
-56.4401,-20.8135,1
-56.37829971,-20.24060059,1
-56.3667,-20.2333,1
-56.153058,-19.572096,1
-56.1514,-19.5727,1
-56.1496,-19.5683,1
-56.146,-19.5635,1
-56.13809967,-21.4803009,1
-56.1273,-19.5425,1
-56.1141,-19.565,1
-56.1129,-19.5638,1
-56.0318,-16.8204,1
-56.00439835,-28.66060066,1
-55.98360062,-4.276110172,1
-55.9402,-13.0556,1
-55.8894,-15.48,1
-55.83000183,-21.13529968,1
-55.8278,-14.6628,1
-55.80690002,-20.48360062,1
-55.78720093,-20.47109985,1
-55.7872,-20.4711,1
-55.78,-15.42,1
-55.7690395,-20.3592729,1
-55.63890076,-28.18359947,1
-55.621944,-20.450833,1
-55.5396,-15.1071,1
-55.53279877,-30.89080048,1
-55.51810074,-1.917500019,1
-55.5141667,-15.8230556,1
-55.491111,-20.455139,1
-55.26720047,-28.18250084,1
-55.19889832,-28.04470062,1
-55.16830063,-21.61440086,1
-54.98690033,-19.44939995,1
-54.986419,-19.46535,1
-54.96139908,-20.93190002,1
-54.931111,-19.790833,1
-54.905611,-19.804111,1
-54.876669,-20.759263,1
-54.8504,-18.5958,1
-54.82939911,-19.83169937,1
-54.7664,-12.9931,1
-54.75999832,-18.50670052,1
-54.754722,-20.5375,1
-54.754281,-20.5377,1
-54.751667,-20.538056,1
-54.748833,-20.537639,1
-54.70830154,-2.443059921,1
-54.67309952,-30.98279953,1
-54.6727778,-30.9827778,1
-54.64640045,-20.44280052,1
-54.624,-16.4853,1
-54.5891667,-30.8469444,1
-54.54639816,-21.80190086,1
-54.38389969,-21.46579933,1
-54.1661,-15.3255,1
-54.0724,-15.2275,1
-54.04389954,-19.53140068,1
-54.0168,-15.2897,1
-53.9467,-15.2484,1
-53.85526,-19.025,1
-53.74725,-31.5508889,1
-53.70610046,-18.32419968,1
-53.67250061,-31.55809975,1
-53.657092,-22.921766,1
-53.415806,-18.165139,1
-53.3895,-18.190667,1
-53.24000168,-29.64529991,1
-53.12919998,-18.54389954,1
-52.7178,-22.1875,1
-52.1716,-22.6214,1
-52.16,-22.53,1
-51.82220078,-16.42690086,1
-51.715768,-20.772684,1
-51.6783,-20.7511,1
-51.654439,-20.751333,1
-51.54439926,-19.06749916,1
-51.47999954,-20.87000084,1
-51.41889954,-20.36720085,1
-51.3944,-20.3954,1
-50.9266,-20.2113,1
-50.8937,-20.1852,1
-50.4851,-20.197,1
-50.4389,-21.2061,1
-50.4338,-20.0036,1
-50.4003,-21.2204,1
-50.349,-20.926,1
-50.0866,-20.5144,1
-49.983056,-9.404722,1
-49.9738,-21.0152,1
-49.9722,-20.4252,1
-49.9291,-20.7427,1
-49.885861,-10.662556,1
-49.81738,-9.300474,1
-49.7799,-20.4819,1
-49.5434,-21.0767,1
-49.5022,-21.3992,1
-49.4344,-20.3916,1
-49.3945,-21.5842,1
-49.358,-21.7369,1
-49.2439,-20.5506,1
-49.2211,-21.4691,1
-48.8229,-20.485,1
-48.51029968,-8.834170341,1
-48.4782,-20.9316,1
-48.189806,-7.104725,1
-46.781078,-12.831183,1
-46.61719894,-7.361939907,1
-46.51440048,-17.83530045,1
-46.374778,-7.214861,1
-46.0094,-17.0097,1
-44.55830002,-7.222780228,1
-44.474722,-9.145253,1
-44,-18,1
-43.850824,-4.385082,1
-43.850824,-4.3850824,1
-43.77719879,-8.424440384,1
-43.63059998,-10.70779991,1
-42.75,-17.28333,1
-41.7728,-13.1519,1
-40.3608,-10.7417,1
-40.3214,-10.5075,1
-38.5,-3.71667,1
-54.7548,-20.5377,1
-53.8591,-19.0142,1
-56.524,-20.9659,1
-57.7169,-21.6929,1
-57.8163,-21.6065,1
-57.7209,-21.71,1
-51.6544,-20.7513,1
-51.7158,-20.7727,1
-53.6571,-22.9218,1
-53.7471,-22.9008,1
-53.6439,-22.889,1
-56.1548,-19.5724,1
-56.144,-19.5719,1
-57.0217,-19.5752,1
-57.0187,-19.5765,1
-57.5106,-19.0222,1
-57.5564,-19.0184,1
