long,'lat','nanus'
-58.073502,-31.434739,1
-66.086928,-11.028893,1
-66.085816,-11.028047,1
-49.772147,-17.079379,1
-38.370501,-5.09775,1
-63.170073,-17.815266,1
-58.353223,-34.608584,1
-48.566789,-22.775037,1
-58.352903,-34.61578,1
-58.353007,-34.61575,1
-59.618393,-26.79322,1
-59.596997,-26.810796,1
-46.682948,-23.667031,1
-53.975786,-25.857553,1
-60.846263,-31.736524,1
-58.353043,-34.614714,1
-36.7396,-9.6701,1
-53.417671,-18.158788,1
-51.40474,-20.38909,1
-54.751667,-20.538056,1
-56.153058,-19.572096,1
-53.85526,-19.025,1
-57.716908,-21.692938,1
-54.753056,-20.538056,1
-57.816304,-21.606489,1
-57.720915,-21.709952,1
-53.657092,-22.921766,1
-38.506797,-7.439934,1
-38.506538,-7.440051,1
-51.715768,-20.772684,1
-54.554516,-25.599855,1
-51.654439,-20.751333,1
-60.599225,-32.877574,1
-59.509582,-18.287647,1
-44.132093,-6.786381,1
-61.185938,-30.186691,1
-57.019167,-19.577056,1
-61.113551,-25.021522,1
-60.895852,-25.32757,1
-60.995924,-25.009452,1
-57.021667,-19.575221,1
-56.521065,-20.968508,1
-57.037544,-19.485006,1
-57.019162,-19.577054,1
-57.510619,-19.022219,1
-54.616036,-20.505172,1
-54.754722,-20.5375,1
-56.615295,-20.085921,1
-57.018906,-19.576734,1
-54.905611,-19.804111,1
-54.905619,-19.804106,1
-54.6174,-20.50344,1
-59.618254,-26.793084,1
-54.876669,-20.759263,1
-57.182938,-28.537297,1
-57.182069,-28.536782,1
-55.066944,-20.158222,1
-49.590833,-16.15636,1
-54.609408,-20.387847,1
-54.75141,-20.538759,1
-57.018892,-19.576983,1
-58.761993,-33.490439,1
-48.621786,-18.662361,1
-45.517151,-15.490085,1
-48.84875,-16.670889,1
-49.277833,-20.417769,1
-48.954556,-16.57325,1
-47.712778,-12.267222,1
-48.439444,-6.207222,1
-47.886944,-12.849167,1
-59.465,-18.2133,1
-56.0583,-22.6333,1
-49.25,-25.4167,1
-57.8533,-23.5166,1
-57.7,-24.93,1
-55.725,-27.1839,1
-57.05,-26.02,1
-58.0359,-24.5594,1
-58.4667,-15.85,1
-47.7,-21.6,1
-57.1,-25.3,1
-56.6944,-20.1319,1
-46.75,-23.4167,1
-55.9464,-23.2239,1
-58.0384,-24.4999,1
-56.4,-26.17,1
-56.5,-23.88,1
-58.47,-15.85,1
-59.3667,-15.191,1
-44.5778,-17.8889,1
-57.7,-16.75,1
-49.92,-22.83,1
-46.35,-23.9667,1
-57.57,-25.1,1
-57.3398,-23.2749,1
-57.3833,-17.15,1
-57.65,-19.0167,1
-57.28,-23.42,1
-43.65,-19,1
-58.4899,-23.8194,1
-56.779,-26.1011,1
-57.3761,-25.3141,1
-56.8833,-25.5167,1
-56.3987,-25.2668,1
-58.445,-23.9252,1
-57.65,-25.35,1
-56.8,-25.4,1
-55.6741,-24.2698,1
-67.5333,-14.4389,1
-56.401,-25.2848,1
-57.0284,-22.8592,1
-56.8497,-26.1378,1
-56.5125,-22.1417,1
-48.05,-23.6,1
-46.6167,-23.5333,1
-56.779,-26.0921,1
-57.7,-24.9333,1
-57.45,-19.6167,1
-57.3734,-25.3022,1
-66,-14.5,1
-59.58,-20,1
-55.85,-25.8667,1
-51.15,-29.7667,1
-57.6,-25.47,1
-41.4586,-4.42472,1
-41.7767,-2.90472,1
-41.9031,-2.89,1
-41.8214,-2.85833,1
-44.3617,-15.4881,1
-47.4694,-7.33278,1
-40.7664,-17.7031,1
-48.9292,-27.9014,1
-57.6533,-19.0092,1
-51.3967,-16.0078,1
-42.9403,-14.5731,1
-36.5864,-10.2903,1
-54.8222,-22.6342,1
-47.4511,-6.56056,1
-47.7569,-7.20472,1
-48.2772,-18.9186,1
-50.1447,-29.0478,1
-43.8578,-20.4997,1
-42.8192,-14.9261,1
-42.4333,-14.8497,1
-45.0694,-16.3686,1
-45.4139,-16.69,1
-47.56000137,-22.40999985,1
-51.14830017,-29.8246994,1
-48.16972222,-21.79027778,1
-52.60472222,-23.66333333,1
-53.75916667,-20.44333333,1
-57.67888889,-16.07083333,1
-48.72,-23.38,1
-50.61555556,-24.32416667,1
-50.66916667,-11.61722222,1
-47,-21.46,1
-46.97972222,-22.70027778,1
-40.49833333,-9.411944444,1
-40.43055556,-13.44111111,1
-49.36972222,-20.82,1
-58.519725,-33.01488333,1
-44.79166667,-4.291944444,1
-48.43972222,-22.88,1
-57.65305556,-19.00944444,1
-48.11972222,-22.28027778,1
-48.60805556,-16.65916667,1
-56.48166667,-21.12111111,1
-48.35,-23.4,1
-47.88694444,-12.84916667,1
-47.71277778,-12.26722222,1
-48.43944444,-6.207222222,1
-51.39416667,-20.39555556,1
-51.70736111,-20.99347222,1
-46.05749893,-22.61219978,1
-49.92580032,-16.80500031,1
-50.50310135,-10.46969986,1
-35.12609863,-6.838610172,1
-47.13000107,-23.29999924,1
-45.65999985,-23.37999916,1
-47.88999939,-22.01000023,1
-37.31529999,-10.7578001,1
-49.52890015,-11.79669952,1
-47.59000015,-21.20999908,1
-53.3431015,-22.23329926,1
-47.06000137,-22.89999962,1
-48.43999863,-22.87999916,1
-37.30889893,-7.162499905,1
-49.86999893,-22.96999931,1
-48.36000061,-21.60000038,1
-58.98701944,-27.45131944,1
-60.08432222,-31.09963333,1
-60.95400833,-26.58576667,1
-48.608056,-16.659167,1
-51.9302778,-29.8255556,1
-53.66,-31.5713889,1
-53.7533333,-31.5766667,1
-53.7561111,-31.5491667,1
-53.6791667,-31.5730556,1
-53.69,-31.5636111,1
-50.0266667,-29.5908333,1
-53.7002778,-31.5519444,1
-53.7,-31.5519444,1
-51.0944319,-30.2212095,1
-55.3641833,-30.77115,1
-46.7391667,-0.9738889,1
-53.5071,-29.61,1
-36.17559814,-10.12559986,1
-55.98360062,-4.276110172,1
-50.23279953,-30.24749947,1
-57.55469894,-30.2071991,1
-50.2696991,-29.88669968,1
-52.34249878,-31.77190018,1
-56.00439835,-28.66060066,1
-50.07080078,-29.58530045,1
-51.7181015,-29.94330025,1
-51.9386,-23.4253,1
-47.56,-22.41,1
-51.6783,-20.7511,1
-48.44,-22.88,1
-46.46,-23.66,1
-50.41,-22.66,1
-47.06,-22.9,1
-35.7286,-8.47028,1
-47.42,-21.99,1
-48.2072,-7.19111,1
-49.7058,-24.2511,1
-42.475,-14.0694,1
-36.3508,-9.78194,1
-47.47,-20.25,1
-47.7597,-6.71306,1
-49.0686,-11.7292,1
-56.4819,-21.1211,1
-47.5047,-4.94667,1
-55.7497,-15.4606,1
-52.16,-22.53,1
-49.4575,-28.5156,1
-43.4181,-13.255,1
-48.5747,-25.8828,1
-43.5967,-13.5625,1
-56.3658,-15.2047,1
-44.9733,-12.3633,1
-46.88,-21.59,1
-48.76,-24.22,1
-48.53,-24.18,1
-54.9178,-15.8106,1
-41.7714,-13.7603,1
-48.898056,-22.776944,1
-47.066667,-22.816667,1
-49.4343,-20.3915,1
-49.2751,-20.3745,1
-49.5434,-21.0767,1
-50.9267,-20.2109,1
-49.2526,-20.3792,1
-49.1933,-20.3633,1
-49.1982,-20.3578,1
-49.278,-20.353,1
-52.1689,-22.6169,1
-52.1669,-22.6169,1
-52.2341,-22.5446,1
-52.3293,-22.3699,1
-50.485,-20.1972,1
-49.1977,-20.3411,1
-51.7734,-17.9385,1
-49.672,-22.38,1
-49.6853,-22.4065,1
-49.6688,-22.4007,1
-49.6669,-22.402,1
-56.146,-19.5635,1
-56.1141,-19.556,1
-57.0763,-19.446,1
-57.0092,-19.4742,1
-57.0145,-19.479,1
-57.0073,-19.5101,1
-57.0368,-19.5735,1
-57.0428,-19.4904,1
-57.0245,-19.5735,1
-57.0272,-19.4852,1
-57.0165,-19.4711,1
-57.7051,-21.638,1
-57.6948,-21.6332,1
-57.7078,-21.6399,1
-57.7424,-21.7036,1
-57.7409,-21.697,1
-57.738,-21.6928,1
-57.824,-21.649,1
-49.3059,-20.8378,1
-49.4329,-20.696,1
-49.429,-20.6746,1
-49.4359,-20.6866,1
-49.5156,-20.7584,1
-49.3023,-20.8294,1
-49.4614,-20.8641,1
-49.4743,-20.8469,1
-49.5455,-20.7896,1
-49.2908,-20.8526,1
-48.4941,-22.8902,1
-48.4448,-22.8859,1
-56.1506,-19.5779,1
-57.8821,-21.6986,1
-49.0842,-22.2348,1
-49.6944,-22.4025,1
-40.600278,-19.935556,1
-47.61999893,-22.21999931,1
-57.8369,-16.5165,1
-58.8619,-15.3173,1
-58.3104,-14.4346,1
-56.5281,-15.8315,1
-58.4572,-15.2558,1
-55.8894,-15.48,1
-56.7233,-18.731,1
-55.5396,-15.1071,1
-56.9485,-16.7845,1
-58.4395,-15.0853,1
-58.58,-15.1,1
-58.2202,-9.8467,1
-49.1979,-20.3412,1
-49.358,-21.7369,1
-49.2761,-20.3801,1
-50.4851,-20.197,1
-49.4344,-20.3916,1
-49.9738,-21.0152,1
-49.9291,-20.7427,1
-49.9694,-23.1606,1
-49.7569,-23.195,1
-52.1716,-22.6214,1
-50.349,-20.926,1
-49.9722,-20.4252,1
-49.2211,-21.4691,1
-49.5022,-21.3992,1
-49.9209,-20.9083,1
-50.0866,-20.5144,1
-49.7933,-23.1077,1
-48.5372,-21.6205,1
-50.645,-20.2445,1
-49.1975,-20.303,1
-49.3796,-20.8108,1
-49.2201,-20.7953,1
-50.4048,-23.85,1
-49.5122,-20.8177,1
-49.946,-21.2293,1
-49.6954,-22.4053,1
-50.4389,-21.2061,1
-50.1907,-23.8499,1
-51.8567,-23.8656,1
-48.4467,-22.2697,1
-48.8659,-22.4317,1
-48.5306,-22.3027,1
-48.0196,-19.3139,1
-57.0191,-19.5768,1
-57.6532,-19.0012,1
-53.7607,-20.4572,1
-54.5423,-21.8025,1
-53.1292,-18.5439,1
-49.3078,-20.8662,1
-45.4524,-22.424,1
-47.6946,-22.1179,1
-49.5772,-21.1663,1
-51.9685,-23.4348,1
-49.5113,-20.8241,1
-48.9728,-21.1382,1
-51.19,-19.677,1
-47.6256,-22.2206,1
-50.9305,-17.7965,1
-49.4643,-20.6169,1
-50.9266,-20.2113,1
-50.8937,-20.1852,1
-50.8965,-20.1888,1
-50.8923,-20.1782,1
-49.7799,-20.4819,1
-49.2758,-20.3749,1
-48.4322,-22.8562,1
-49.2008,-20.3515,1
-49.4456,-20.9177,1
-51.9552,-23.9184,1
-51.9783,-23.9134,1
-54.472003,-18.937819,1
-56.615556,-20.086667,1
-53.9,-24.7375,1
-54.618611,-19.4275,1
-56.516944,-20.981389,1
-54.615333,-20.503778,1
-55.78720093,-20.47109985,1
-54.64640045,-20.44280052,1
-54.82939911,-19.83169937,1
-57.65330124,-19.00919914,1
-56.13809967,-21.4803009,1
-55.83000183,-21.13529968,1
-51.47999954,-20.87000084,1
-47.92580032,-7.860000134,1
-56.71500015,-20.53860092,1
-49.62360001,-10.79360008,1
-54.78939819,-22.07889938,1
-54.38389969,-21.46579933,1
-53.75920105,-20.44309998,1
-56.48189926,-21.12109947,1
-56.47669983,-9.664719582,1
-54.96139908,-20.93190002,1
-50.40999985,-22.65999985,1
-55.525836,-20.468869,1
-55.286744,-20.438061,1
-56.52109909,-22.10890007,1
-70.35359955,-8.164170265,1
-49.25389862,-16.67860031,1
-46.83000183,-23,1
-46.97999954,-22.70000076,1
-40.49860001,-9.411669731,1
-48.79999924,-22.59000015,1
-44.94189835,-17.34499931,1
-63.90390015,-8.761940002,1
-52.15999985,-22.53000069,1
-49.540039,-21.077856,1
-56.068333,-15.611944,1
-40.12360001,-6.573609829,1
-51.97919846,-23.91609955,1
-47.0503006,-14.44859982,1
-54.58810043,-25.54780006,1
-49.18999863,-20.34000015,1
-49.95999908,-20.79999924,1
-52.55110168,-17.56940079,1
-48.72000122,-23.37999916,1
-35.49330139,-9.238329887,1
-49.36999893,-20.81999969,1
-46.99000168,-22.96999931,1
-51.1628,-23.3103,1
-49.87,-22.97,1
-50.7511,-23.08,1
-50.9131,-23.07,1
-51.4244,-23.4194,1
-54.7548,-20.5377,1
-53.8591,-19.0142,1
-56.524,-20.9659,1
-56.5211,-20.9685,1
-53.413,-18.1571,1
-57.7169,-21.6929,1
-57.8163,-21.6065,1
-57.7209,-21.71,1
-51.6544,-20.7513,1
-51.7158,-20.7727,1
-53.6571,-22.9218,1
-53.7471,-22.9008,1
-53.6439,-22.889,1
-56.1548,-19.5724,1
-56.144,-19.5719,1
-57.0217,-19.5752,1
-57.0187,-19.5765,1
-57.5106,-19.0222,1
-57.5564,-19.0184,1
