long,'lat','nasicus'
-50.554,-20.6877,1
-50.92805556,-17.79833333,1
-51.1117,-20.6441,1
-51.22499847,-27.40169907,1
-51.3944,-20.3954,1
-51.47999954,-20.87000084,1
-51.6783,-20.7511,1
-52.1746,-21.7528,1
-53.1292,-18.5439,1
-53.657092,-22.921766,1
-53.7178,-29.7136,1
-53.8,-29.6833,1
-53.8069,-29.6842,1
-54.260761,-26.699275,1
-54.436,-17.646,1
-54.5423,-21.8025,1
-54.5833,-25.65,1
-54.608056,-20.385008,1
-54.618611,-19.4275,1
-54.64640045,-20.44280052,1
-54.751667,-20.538056,1
-54.754281,-20.5377,1
-54.754722,-20.5375,1
-54.8222,-22.6342,1
-54.91419983,-30.25830078,1
-54.96139908,-20.93190002,1
-55.007918,-27.406147,1
-55.057747,-27.455059,1
-55.4364,-16.4825,1
-55.67,-26.76,1
-55.725,-27.1839,1
-55.75,-26.95,1
-55.769039,-20.359273,1
-55.7690395,-20.3592729,1
-55.786944,-20.471111,1
-55.78720093,-20.47109985,1
-55.805279,-26.523333,1
-55.88953,-29.82909,1
-55.94,-25.07,1
-56.00439835,-28.66060066,1
-56.0434,-13.2931,1
-56.0583,-22.6333,1
-56.0628,-34.6469,1
-56.09669876,-15.59609985,1
-56.1141,-19.565,1
-56.1144,-19.5543,1
-56.1206,-19.5697,1
-56.1264,-19.5421,1
-56.1272,-19.5419,1
-56.1305,-19.5346,1
-56.1375,-19.5519,1
-56.146,-19.5723,1
-56.1496,-19.5683,1
-56.1506,-19.5779,1
-56.1514,-19.5727,1
-56.153058,-19.572096,1
-56.295773,-23.812719,1
-56.3658,-15.2047,1
-56.371208,-18.593556,1
-56.44,-24.1,1
-56.48189926,-21.12109947,1
-56.4819,-21.1211,1
-56.4833,-24.1,1
-56.5,-27.4167,1
-56.5125,-22.1417,1
-56.515,-20.996,1
-56.5167,-20.2,1
-56.516944,-20.981389,1
-56.517567,-21.116792,1
-56.52,-22.23,1
-56.52,-22.21,1
-56.5281,-15.8315,1
-56.566944,-19.418056,1
-56.615556,-20.086667,1
-56.61775,-18.995083,1
-56.621944,-18.989078,1
-56.63575,-19.004561,1
-56.641111,-18.980833,1
-56.665417,-18.989972,1
-56.695282,-36.617861,1
-56.71500015,-20.53860092,1
-56.7233,-18.731,1
-56.7333,-24.8986,1
-56.745137,-16.502805,1
-56.7672,-17.3559,1
-56.7672,-17.355983,1
-56.783333,-19.05,1
-56.7891,-20.4952,1
-56.858897,-16.749312,1
-56.878883,-16.758449,1
-56.9333,-22.3833,1
-57.0072,-19.5172,1
-57.0073,-19.5101,1
-57.009,-19.5046,1
-57.0092,-19.4742,1
-57.0109,-19.4962,1
-57.0136,-19.4723,1
-57.0139,-19.481,1
-57.0145,-19.479,1
-57.0165,-19.4711,1
-57.018892,-19.576983,1
-57.018906,-19.576734,1
-57.0191,-19.5772,1
-57.0192,-19.5769,1
-57.021667,-19.575221,1
-57.0272,-19.4852,1
-57.0284,-22.8592,1
-57.03,-23.07,1
-57.03,-26.79,1
-57.036,-19.6062,1
-57.0428,-19.4904,1
-57.05,-26.02,1
-57.0763,-19.446,1
-57.0882988,-29.75469971,1
-57.1093,-30.1508,1
-57.140785,-26.670718,1
-57.15,-22.3333,1
-57.15,-25.6333,1
-57.15784,-28.533404,1
-57.172368,-28.53404,1
-57.172717,-28.53494,1
-57.173738,-28.534789,1
-57.17517,-28.535286,1
-57.175474,-28.535566,1
-57.18109894,-15.07250023,1
-57.183151,-28.541549,1
-57.1833,-24.1667,1
-57.186192,-28.537876,1
-57.186327,-28.537858,1
-57.233639,-24.692472,1
-57.2667,-27.4,1
-57.28,-23.42,1
-57.280383,-23.456067,1
-57.32,-26.4,1
-57.35,-25.1,1
-57.3761,-25.3141,1
-57.3898,-23.367,1
-57.43,-23.4083,1
-57.432597,-17.655786,1
-57.4333,-23.4083,1
-57.45,-19.6167,1
-57.5,-25.3,1
-57.5333,-25.3333,1
-57.540538,-27.98836,1
-57.54071,-27.988436,1
-57.56156,-25.51109,1
-57.57,-25.1,1
-57.59,-22.76,1
-57.6,-25.47,1
-57.622222,-19.240833,1
-57.65,-25.35,1
-57.65,-19.01667,1
-57.6533,-19.0092,1
-57.65330124,-19.00919914,1
-57.67,-25.27,1
-57.67888889,-16.07083333,1
-57.678889,-16.070833,1
-57.67890167,-16.07060051,1
-57.7016,-21.6375,1
-57.7051,-21.638,1
-57.716908,-21.692938,1
-57.7173,-21.6692,1
-57.7181,-21.6691,1
-57.7181,-21.6811,1
-57.7182,-21.6799,1
-57.7192,-21.6868,1
-57.7206,-21.7092,1
-57.720833,-21.701944,1
-57.7333,-22.6833,1
-57.7367,-21.6913,1
-57.7373,-21.6223,1
-57.738,-21.6928,1
-57.7385,-21.6925,1
-57.753839,-25.193699,1
-57.824,-21.649,1
-57.8369,-16.5165,1
-57.8821,-21.6986,1
-57.88249969,-21.69890022,1
-57.933889,-31.288056,1
-58.03,-24.5,1
-58.0359,-24.5594,1
-58.038108,-32.5289,1
-58.038269,-32.529008,1
-58.038586,-32.528862,1
-58.086461,-28.031042,1
-58.092589,-32.318622,1
-58.100848,-31.418365,1
-58.20718,-26.334566,1
-58.259093,-31.864515,1
-58.267363,-31.862975,1
-58.282852,-34.892524,1
-58.2963,-26.86771,1
-58.321577,-31.816271,1
-58.394732,-34.943288,1
-58.41667,-3.13333,1
-58.4438,-23.4425,1
-58.443832,-23.442503,1
-58.4593,-34.547685,1
-58.4667,-23.8667,1
-58.519725,-33.014883,1
-58.519725,-33.01488333,1
-58.645837,-26.475345,1
-58.658338,-33.714637,1
-58.684305,-27.375092,1
-58.688091,-34.371729,1
-58.69039722,-34.58039722,1
-58.734897,-26.271555,1
-58.764272,-32.903057,1
-58.771975,-26.267671,1
-58.781295,-34.308863,1
-58.8598,-23.4304,1
-58.868804,-34.607556,1
-58.913813,-34.242394,1
-58.914164,-34.241871,1
-58.915558,-34.412524,1
-58.915998,-34.413168,1
-58.916156,-34.412061,1
-58.9167,-34.412862,1
-58.944167,-26.181389,1
-59.009285,-26.897425,1
-59.026922,-31.867701,1
-59.034131,-34.399435,1
-59.07,-23.36,1
-59.166356,-33.769511,1
-59.310518,-33.13288,1
-59.441719,-34.119693,1
-59.465,-18.2133,1
-59.469402,-22.677802,1
-59.537659,-22.84454,1
-59.596997,-26.810796,1
-59.618393,-26.79322,1
-59.67416,-22.530035,1
-59.72706,-33.656871,1
-59.88,-22.103,1
-59.95,-23.71667,1
-60.03,-22.35,1
-60.084322,-31.099633,1
-60.08432222,-31.09963333,1
-60.2631,-9.8603,1
-60.562175,-31.573598,1
-60.659495,-26.687106,1
-60.72595,-22.407717,1
-60.749167,-33.017655,1
-60.760809,-31.661658,1
-60.764378,-31.668129,1
-60.794168,-33.441655,1
-60.878624,-31.729464,1
-60.87887,-31.729393,1
-60.914833,-31.374267,1
-60.933412,-31.434368,1
-60.942201,-31.441826,1
-61.08,-14.91,1
-61.107172,-31.386315,1
-61.157373,-32.854986,1
-61.185938,-30.186655,1
-61.289023,-31.319349,1
-62,-16.36,1
-62.100667,-33.615647,1
-62.310619,-21.852369,1
-62.35,-22.45,1
-62.616667,-14.666667,1
-62.7192,-17.659348,1
-62.997528,-35.010198,1
-62.997871,-35.010338,1
-62.997871,-35.009776,1
-62.998043,-35.011639,1
-62.998043,-35.010364,1
-62.998043,-35.010092,1
-62.998386,-35.010479,1
-62.99873,-35.011238,1
-62.99873,-35.010464,1
-62.99873,-35.011308,1
-62.999073,-35.009058,1
-63.000446,-35.011027,1
-63.248795,-23.931081,1
-63.29,-17.52,1
-63.4824,-24.445,1
-63.7634,-24.7009,1
-63.8047,-24.7386,1
-64.1,-23.2167,1
-64.224602,-31.354532,1
-64.7833,-28.3667,1
-64.793466,-28.370539,1
-64.85777,-23.672925,1
-65.2657,-26.8607,1
-65.485455,-24.65096,1
-65.548578,-24.885776,1
-65.574794,-24.968321,1
-65.81,-12.77,1
-57.0217,-19.5752,1
-56.1548,-19.5724,1
-54.7548,-20.5377,1
-57.7169,-21.6929,1
-57.5564,-19.0184,1
-53.6571,-22.9218,1
-53.7471,-22.9008,1
