long,'lat','podi'
-58.06667,-1.61667,1
-54.70830154,-2.443059921,1
-54.9546421,-2.504264,1
-52.01,-2.88,1
-55.18333,-3.05,1
-60.025,-3.10194,1
-64.732694,-3.409361,1
-70.1333333,-4.0333333,1
-59.58,-4.42,1
-49.11777778,-5.368611111,1
-61.28,-5.83,1
-61.7,-6.03,1
-47.3992,-6.33833,1
-47.4511,-6.56056,1
-62.88,-7.07,1
-48.2072,-7.19111,1
-47.4694,-7.33278,1
-63.0259,-7.5076,1
-63.0298,-7.5169,1
-47.3142,-7.71,1
-34.82555556,-7.748055556,1
-63.4949,-8.6653,1
-63.90390015,-8.761940002,1
-63.90388889,-8.761944444,1
-49.5564,-8.80361,1
-48.5103,-8.83417,1
-72.79170227,-8.941109657,1
-35.49330139,-9.238329887,1
-49.809512,-9.284925,1
-49.986949,-9.411455,1
-49.974534,-9.415675,1
-50.000349,-9.418422,1
-49.941205,-9.430589,1
-49.909555,-9.446278,1
-48.3762,-9.5654,1
-36.7396,-9.6701,1
-63.1333,-9.71667,1
-51.13,-10.2127778,1
-36.5864,-10.2903,1
-48.41719818,-10.70810032,1
-51.709115,-10.850821,1
-65.972553,-10.861706,1
-66.100078,-11.025425,1
-50.66939926,-11.6171999,1
-49.0686,-11.7292,1
-49.0685997,-11.72920036,1
-49.52890015,-11.79669952,1
-48.9708,-11.9933,1
-48.5396,-12.0371,1
-49.1742,-12.1308,1
-57.995,-12.4251,1
-55.71139908,-12.54529953,1
-50.1628,-13.275,1
-49.1486,-13.4408,1
-48.0783,-14.1514,1
-58.3104,-14.4346,1
-67.5333,-14.4389,1
-47.0503006,-14.44859982,1
-48.45970154,-14.47389984,1
-66,-14.5,1
-62.616667,-14.666667,1
-52.35,-14.6667,1
-39.04940033,-14.78890038,1
-58.4395,-15.0853,1
-55.5396,-15.1071,1
-58.8619,-15.3173,1
-56.4213889,-15.335,1
-55.78,-15.42,1
-55.74944444,-15.46083333,1
-55.8894,-15.48,1
-44.3617,-15.4881,1
-56.09666667,-15.59611111,1
-58.1782,-15.6261,1
-56.5281,-15.8315,1
-58.4667,-15.85,1
-58.9808,-15.9571,1
-51.3967,-16.0078,1
-57.67888889,-16.07083333,1
-56.6228,-16.2567,1
-45.0694,-16.3686,1
-54.624,-16.4853,1
-57.8369,-16.5165,1
-54.668,-16.5198,1
-49.2539,-16.6786,1
-56.8221,-16.6856,1
-45.4139,-16.69,1
-56.9485,-16.7845,1
-61.35,-16.95,1
-49.766683,-17.067029,1
-56.8,-17.3333,1
-44.9419,-17.345,1
-44.9333,-17.35,1
-49.4472,-17.525,1
-49.0994,-17.7311,1
-50.92805556,-17.79833333,1
-60.7833,-17.85,1
-49.3547,-18.0125,1
-57.474722,-18.090556,1
-53.417671,-18.158788,1
-53.70610046,-18.32419968,1
-59.75,-18.3333333,1
-50.4517,-18.4483,1
-53.12919998,-18.54389954,1
-49.3638889,-18.5861111,1
-56.7233,-18.731,1
-56.621944,-18.986389,1
-56.619111,-18.988056,1
-57.6532,-19.0012,1
-57.60169983,-19.00469971,1
-57.65330124,-19.00919914,1
-57.6533,-19.0092,1
-57.510619,-19.022219,1
-53.85526,-19.025,1
-56.783333,-19.05,1
-56.794167,-19.141944,1
-51.4078,-19.1832,1
-49.7864,-19.2133,1
-57.92,-19.22,1
-57.622222,-19.240833,1
-52.782528,-19.248194,1
-51.069472,-19.295,1
-40.07220078,-19.39109993,1
-54.98690033,-19.44939995,1
-54.986419,-19.46535,1
-57.037544,-19.485006,1
-50.33580017,-19.53030014,1
-54.04389954,-19.53140068,1
-51.880667,-19.568722,1
-56.153058,-19.572096,1
-57.021667,-19.575221,1
-57.018904,-19.576578,1
-57.018906,-19.576734,1
-57.01891,-19.576738,1
-57.011667,-19.576944,1
-57.018889,-19.576972,1
-57.018892,-19.576983,1
-57.019162,-19.577054,1
-57.45,-19.6167,1
-54.560833,-19.636667,1
-51.19,-19.677,1
-54.931111,-19.790833,1
-54.94,-19.801667,1
-54.905619,-19.804106,1
-54.82939911,-19.83169937,1
-48.950581,-19.962147,1
-50.2904,-19.9802,1
-50.4338,-20.0036,1
-49.3999,-20.0312,1
-49.915,-20.0796,1
-56.615295,-20.085921,1
-56.615556,-20.086667,1
-56.6944,-20.1319,1
-55.066944,-20.158222,1
-50.8923,-20.1782,1
-51.0022,-20.1794,1
-49.7036,-20.1834,1
-50.8937,-20.1852,1
-50.4851,-20.197,1
-50.485,-20.1972,1
-50.9267,-20.2109,1
-50.9266,-20.2113,1
-49.1975,-20.303,1
-40.3378,-20.3194,1
-49.505,-20.3211,1
-49.1977,-20.3411,1
-49.1979,-20.3412,1
-49.2008,-20.3515,1
-49.278,-20.353,1
-49.1982,-20.3578,1
-55.7690395,-20.3592729,1
-49.1933,-20.3633,1
-51.41889954,-20.36720085,1
-49.2758,-20.3749,1
-49.2526,-20.3792,1
-49.2761,-20.3801,1
-51.40474,-20.38909,1
-49.4344,-20.3916,1
-54.589425,-20.394353,1
-51.39416667,-20.39555556,1
-51.245,-20.414,1
-49.267,-20.4187,1
-49.9722,-20.4252,1
-54.679944,-20.442319,1
-54.64640045,-20.44280052,1
-53.75916667,-20.44333333,1
-49.8942,-20.4519,1
-54.559786,-20.454742,1
-55.498411,-20.455139,1
-55.78720093,-20.47109985,1
-55.7872,-20.4711,1
-49.7799,-20.4819,1
-55.80690002,-20.48360062,1
-54.614886,-20.500186,1
-54.641336,-20.506544,1
-49.3167,-20.5319,1
-54.754722,-20.5375,1
-54.748833,-20.537639,1
-54.753306,-20.537944,1
-54.751667,-20.538056,1
-54.753056,-20.538056,1
-56.71500015,-20.53860092,1
-54.75141,-20.538759,1
-47.84999847,-20.57999992,1
-49.2953,-20.6,1
-49.4643,-20.6169,1
-50.3606,-20.6483,1
-50.0406,-20.6942,1
-49.9367,-20.7416,1
-49.9291,-20.7427,1
-51.6783,-20.7511,1
-51.654439,-20.751333,1
-49.5156,-20.7584,1
-51.715768,-20.772684,1
-49.3796,-20.8108,1
-49.5122,-20.8177,1
-49.37,-20.82,1
-49.5113,-20.8241,1
-49.3059,-20.8378,1
-49.2908,-20.8526,1
-51.47999954,-20.87000084,1
-49.9209,-20.9083,1
-50.3421,-20.9196,1
-50.349,-20.926,1
-54.96139908,-20.93190002,1
-49.0312,-20.9635,1
-56.521065,-20.968508,1
-52.0865,-20.9769,1
-56.516944,-20.981389,1
-51.70736111,-20.99347222,1
-56.515,-20.996,1
-49.9738,-21.0152,1
-49.9287,-21.0344,1
-49.6883,-21.0528,1
-49.5434,-21.0767,1
-49.183,-21.1059,1
-56.48189926,-21.12109947,1
-56.476,-21.1275,1
-47.99,-21.13,1
-55.83,-21.1353,1
-50.4389,-21.2061,1
-50.4003,-21.2204,1
-48.31999969,-21.25,1
-50.64,-21.26,1
-50.3085,-21.2929,1
-49.5,-21.3425,1
-49.5022,-21.3992,1
-56.440328,-21.456892,1
-49.2211,-21.4691,1
-51.5334,-21.4837,1
-57.6388,-21.5139,1
-50.4483,-21.5591,1
-51.2617,-21.5624,1
-49.3945,-21.5842,1
-47.7,-21.6,1
-47.7972,-21.6031,1
-57.816304,-21.606489,1
-55.15,-21.6333,1
-57.709728,-21.643781,1
-51.0728,-21.6857,1
-57.721111,-21.690278,1
-57.88249969,-21.69890022,1
-57.720833,-21.701944,1
-57.720915,-21.709952,1
-47.47,-21.71,1
-47.646,-21.72,1
-52.1746,-21.7528,1
-48.16972222,-21.79027778,1
-54.54639816,-21.80190086,1
-54.5423,-21.8025,1
-51.4134,-21.9557,1
-47.42,-21.99,1
-51.5537,-22.0068,1
-51.3882,-22.123,1
-56.5125,-22.1417,1
-51.172,-22.1463,1
-49.9453,-22.2154,1
-50.6981,-22.2477,1
-48.5306,-22.3027,1
-49.06,-22.31,1
-49.0707,-22.3216,1
-54.729167,-22.325833,1
-52.3293,-22.3699,1
-48.8659,-22.4317,1
-52.16,-22.53,1
-52.2341,-22.5446,1
-52.1689,-22.6169,1
-52.1716,-22.6214,1
-56.0583,-22.6333,1
-54.8222,-22.6342,1
-50.41,-22.66,1
-47.64,-22.72,1
-48.5711,-22.7319,1
-48.11999893,-22.78000069,1
-48.1167,-22.8,1
-43.77529907,-22.85219955,1
-48.43999863,-22.87999916,1
-48.43972222,-22.88,1
-53.657092,-22.921766,1
-59.3727,-22.9521,1
-49.86999893,-22.96999931,1
-49.87,-22.97,1
-49.7069,-23.0407,1
-50.9131,-23.07,1
-49.7933,-23.1077,1
-49.7569,-23.195,1
-51.0481,-23.2692,1
-51.1628,-23.3103,1
-48.35,-23.4,1
-51.9386,-23.4253,1
-57.260425,-23.824368,1
-56.5,-23.88,1
-58.445,-23.9252,1
-48.371389,-24.097778,1
-58.0384,-24.4999,1
-58.0359,-24.5594,1
-53.881667,-24.733889,1
-57.7,-24.93,1
-56.7667,-25.1667,1
-57.753839,-25.193699,1
-56.5333,-25.2333,1
-57.4009,-25.2694,1
-57.1,-25.3,1
-57.4167,-25.3,1
-57.3734,-25.3022,1
-56.5854,-25.4899,1
-54.7167,-25.4935,1
-54.55855,-25.602641,1
-54.67,-25.63,1
-55.85,-25.8667,1
-57.05,-26.02,1
-56.779,-26.0921,1
-56.779,-26.1011,1
-58.2,-26.23333,1
-59.618393,-26.79322,1
-55.725,-27.1839,1
-58.1333,-27.95,1
-60.842797,-31.73849,1
-54.7548,-20.5377,1
-53.8591,-19.0142,1
-56.1548,-19.5724,1
-56.144,-19.5719,1
-57.0217,-19.5752,1
-57.0187,-19.5765,1
-51.6544,-20.7513,1
-51.7158,-20.7727,1
-57.8163,-21.6065,1
-57.7209,-21.71,1
-57.5106,-19.0222,1
-57.5564,-19.0184,1
-53.6571,-22.9218,1
-53.6439,-22.889,1
-56.524,-20.9659,1
-53.413,-18.1571,1
