long,'lat','punc'
-66.09337,-11.031923,1
-66.092872,-11.031601,1
-73.67453,3.849002,1
-61.374854,10.443833,1
-61.275923,10.523807,1
-61.275492,10.522555,1
-60.19021,-3.287607,1
-76.431184,-0.521477,1
-77.865069,-0.939853,1
-56.304068,-19.954161,1
-66.050819,-11.009037,1
-73.169303,4.85273,1
-73.168915,4.826491,1
-73.16924,4.852852,1
-73.169305,4.852846,1
-51.794461,3.886609,1
-72.557325,-7.731993,1
-72.556551,-7.732188,1
-61.374854,10.443829,1
-78.63108,-3.750158,1
-59.618393,-26.79322,1
-59.596997,-26.810796,1
-72.851823,4.644103,1
-73.672082,3.715943,1
-72.294466,-3.598751,1
-72.292786,-3.598644,1
-61.374973,10.444898,1
-76.460494,-0.469306,1
-76.460222,-0.469806,1
-76.460015,-0.46905,1
-61.275909,10.52324,1
-72.040825,4.174562,1
-75.802515,-6.081304,1
-69.1181,-12.224236,1
-71.402666,-12.894106,1
-71.401855,-12.911847,1
-76.292225,0.478066,1
-59.147267,-3.17885,1
-74.746936,2.032457,1
-73.191639,4.818528,1
-73.138777,-3.628142,1
-77.601124,-1.017784,1
-73.163051,4.816493,1
-53.417671,-18.158788,1
-54.753056,-20.538056,1
-54.751667,-20.538056,1
-53.85526,-19.025,1
-54.6411,-20.507,1
-57.720915,-21.709952,1
-57.816304,-21.606489,1
-46.042121,-7.541329,1
-75.660986,1.503051,1
-55.020888,5.793312,1
-61.380814,10.414003,1
-76.17065,0.2842,1
-73.888925,2.296164,1
-51.816217,3.857346,1
-72.54477,3.470066,1
-72.537753,3.467697,1
-72.538261,3.465696,1
-72.543128,3.468261,1
-72.538695,3.465384,1
-72.531859,3.455736,1
-72.545985,3.470287,1
-71.655602,4.829501,1
-71.642182,4.834108,1
-66.130556,-3.662222,1
-77.58091,-1.029779,1
-77.524766,-1.055127,1
-76.375894,-0.485472,1
-77.856858,-0.969128,1
-76.46027,-0.461673,1
-69.08092,-12.60828,1
-77.037119,-2.465654,1
-54.753637,-20.537925,1
-54.754281,-20.5377,1
-60.995924,-25.009452,1
-72.140994,4.179284,1
-63.184562,-17.447694,1
-74.680194,0.151903,1
-69.117426,-12.227291,1
-77.563328,-1.036328,1
-71.395726,-12.79166,1
-64.985941,-14.867812,1
-73.3543,4.5213,1
-64.053917,-3.754194,1
-63.9834,-17.276682,1
-60.842496,-3.624691,1
-62.193611,-3.787111,1
-60.833865,-3.618416,1
-73.655556,4.151667,1
-60.021731,-3.119027,1
-66.099286,-11.028652,1
-57.510619,-19.022219,1
-65.968781,-10.869553,1
-76.809128,-0.661867,1
-65.982084,-11.02208,1
-73.181236,-3.528797,1
-73.178994,-3.528672,1
-73.179117,-3.528769,1
-64.782043,-17.107816,1
-73.181949,-3.528109,1
-48.189806,-7.104725,1
-74.172133,-2.294842,1
-54.75141,-20.538759,1
-73.77415,2.24532,1
-77.056607,0.088786,1
-72.212222,5.801389,1
-72.033056,5.823333,1
-72.201111,5.761111,1
-71.771111,6.280278,1
-73.25,-4.33,1
-77.8616,-0.95257,1
-61.192,10.602,1
-71.426754,-12.976289,1
-76.470543,-0.473831,1
-71.880833,5.758611,1
-72.108333,5.758611,1
-61.374572,10.443699,1
-61.374782,10.443773,1
-75.879393,1.414775,1
-72.750495,5.010685,1
-57.703268,-3.404475,1
-58.130298,-25.171056,1
-73.133583,-3.528156,1
-70.455,-3.795556,1
-70.426111,-3.804722,1
-54.679944,-20.442319,1
-54.590319,-20.495908,1
-54.589425,-20.394353,1
-54.641336,-20.506544,1
-72.499972,5.381667,1
-72.500833,5.379444,1
-56.12564,2.02682,1
-76.62029,-0.400378,1
-66.09848,-13.762331,1
-55.967172,-1.846451,1
-72.76208,5.01978,1
-54.732639,-22.328556,1
-61.194792,10.633336,1
-72.05939,4.21358,1
-73.657221,-4.636163,1
-71.154722,6.567778,1
-56.876243,-16.757403,1
-73.460083,-4.110848,1
-76.85917,-2.540556,1
-61.275558,10.524649,1
-72.198006,-3.585503,1
-73.433638,-4.311704,1
-70.986389,6.806111,1
-71.075556,6.811944,1
-74.5516,5.06727,1
-61.13,10.65,1
-56.516944,-20.981389,1
-72.717222,4.991944,1
-65.928462,-10.988158,1
-77.283333,-0.5,1
-72.689214,2.567768,1
-77.293311,-0.474456,1
-73.266876,4.857735,1
-72.701944,4.991667,1
-67.922748,-14.43121,1
-69.293389,-12.836641,1
-46.741667,-1.043611,1
-72.4575,5.451667,1
-61.197022,10.591258,1
-61.204711,10.593074,1
-61.200693,10.592272,1
-72.236481,-3.614848,1
-54.618333,-20.502222,1
-72.65815,-7.6751,1
-76.459985,-0.46988,1
-58.132222,-13.635278,1
-58.102222,-13.608056,1
-57.720833,-21.701944,1
-72.54706,5.17282,1
-71.369609,-12.871404,1
-64.848679,-3.063221,1
-76.459098,-0.471286,1
-73.158247,-4.35597,1
-52.99125,-19.070139,1
-53.192889,-19.024417,1
-76.727122,0.004681,1
-76.630614,0.204341,1
-43.424754,-3.243133,1
-72.889994,4.575193,1
-57.67888889,-16.07083333,1
-56.09666667,-15.59611111,1
-45.24219894,-7.558330059,1
-56.47669983,-9.664719582,1
-46.7416667,-1.0436111,1
-58.1022222,-13.6080556,1
-58.1322222,-13.6352778,1
-64.22720337,-12.44499969,1
-54.614886,-20.500186,1
-55.78720093,-20.47109985,1
-54.64640045,-20.44280052,1
-57.65330124,-19.00919914,1
-57.60169983,-19.00469971,1
-54.78939819,-22.07889938,1
-54.38389969,-21.46579933,1
-54.04389954,-19.53140068,1
-57.67890167,-16.07060051,1
-56.09669876,-15.59609985,1
-53.8591,-19.0142,1
-57.8163,-21.6065,1
-57.7209,-21.71,1
-57.5106,-19.0222,1
-53.413,-18.1571,1
