long,'lat','sanb'
-57.180833,-15.072778,1
-55.8894,-15.48,1
-58.1782,-15.6261,1
-48.95920181,-15.85249996,1
-50.4851,-20.197,1
-52.576667,-20.365,1
-49.2698,-20.9029,1
-54.96139908,-20.93190002,1
-56.516944,-20.981389,1
-49.9738,-21.0152,1
-49.5434,-21.0767,1
-54.38389969,-21.46579933,1
-49.3945,-21.5842,1
-49.358,-21.7369,1
-46.56138889,-21.78805556,1
-46.561389,-21.788056,1
-47.88999939,-22.01000023,1
-47.6946,-22.1179,1
-47.6256,-22.2206,1
-47.819722,-22.25,1
-47.81972222,-22.25,1
-46.941944,-22.372222,1
-46.94194444,-22.37222222,1
-47.56000137,-22.40999985,1
-47.56,-22.41,1
-46.97972222,-22.70027778,1
-46.979722,-22.700278,1
-48.1276,-22.7844,1
-47.069722,-22.819444,1
-47.259722,-22.82,1
-47.25972222,-22.82,1
-48.9729,-22.8345,1
-48.981944,-22.836944,1
-48.43999863,-22.87999916,1
-48.439722,-22.88,1
-48.43972222,-22.88,1
-48.44,-22.88,1
-48.4448,-22.8859,1
-48.4872,-22.8967,1
-48.492,-22.8978,1
-47.06000137,-22.89999962,1
-53.657092,-22.921766,1
-45.54,-22.95,1
-46.99000168,-22.96999931,1
-46.83000183,-23,1
-45.93333333,-23.06666667,1
-45.933333,-23.066667,1
-49.7933,-23.1077,1
-46.54972222,-23.11027778,1
-46.549722,-23.110278,1
-46.5217,-23.1869,1
-46.9367,-23.245,1
-47.13000107,-23.29999924,1
-50.841389,-23.373333,1
-50.84138889,-23.37333333,1
-45.0232,-23.3785,1
-48.35,-23.4,1
-58.51,-23.49,1
-47.13000107,-23.52000046,1
-45.84,-23.53027778,1
-45.84,-23.530278,1
-46.63,-23.54027778,1
-46.63,-23.540278,1
-46.529722,-23.66,1
-46.52972222,-23.66,1
-47.70999908,-23.80999947,1
-47.71,-23.81,1
-48.247265,-23.864903,1
-56.5,-23.88,1
-57.28,-23.88,1
-47.06000137,-23.93000031,1
-47.5,-23.96,1
-48.36,-24.09027778,1
-48.36,-24.090278,1
-56.4833,-24.1,1
-48.53,-24.18,1
-48.76,-24.22,1
-55.6741,-24.2698,1
-58.23,-24.31,1
-49.9241,-24.5752,1
-50.0029,-24.6665,1
-58.55141,-24.982389,1
-50.015861,-25.237139,1
-50.0137,-25.2496,1
-57.1,-25.3,1
-55.3833,-25.4167,1
-56.5854,-25.4899,1
-49.1956,-25.5306,1
-52.0558,-25.5722,1
-56.47,-25.6,1
-56.45,-25.62,1
-49.3122,-25.6525,1
-60.130576,-25.657308,1
-49.3081,-25.6575,1
-56.8333,-25.6833,1
-49.1791,-25.9273,1
-58.051413,-26.035765,1
-58.944167,-26.181389,1
-51.08639908,-26.22999954,1
-49.37833333,-26.25055556,1
-49.378333,-26.250556,1
-51.3925,-26.3944,1
-57.32,-26.4,1
-51.3156,-26.4275,1
-51.3177,-26.4276,1
-60.544671,-26.444525,1
-51.6354,-26.5161,1
-54.260476,-26.69991,1
-55.67,-26.76,1
-57.03,-26.79,1
-60.436416,-26.790808,1
-60.438786,-26.791176,1
-59.618393,-26.79322,1
-51.7935,-26.8675,1
-51.7918,-26.8702,1
-55.75,-26.95,1
-56.17,-27.23,1
-58.667953,-27.310499,1
-56.7445,-27.3605,1
-53.75830078,-27.37109947,1
-51.225,-27.4017,1
-58.649722,-27.424444,1
-58.887052,-27.446419,1
-58.987019,-27.451319,1
-58.98701944,-27.45131944,1
-57.187263,-27.710185,1
-57.187668,-27.710648,1
-50.325833,-27.816111,1
-50.32583333,-27.81611111,1
-50.76079941,-27.89920044,1
-54.73809814,-28.14859962,1
-54.26309967,-28.29920006,1
-54.16667,-28.3,1
-53.913889,-28.393333,1
-53.9138889,-28.3933333,1
-48.78079987,-28.48250008,1
-49.45750046,-28.5156002,1
-57.176444,-28.532962,1
-57.174145,-28.536207,1
-49.4244,-28.5978,1
-49.0256,-28.615,1
-53.60639954,-28.6385994,1
-53.606389,-28.638611,1
-53.60638889,-28.63861111,1
-49.469491,-28.643269,1
-56.00439835,-28.66060066,1
-50.1446991,-29.04780006,1
-51.3333,-29.3,1
-49.72689819,-29.33530045,1
-49.72666667,-29.33555556,1
-49.726667,-29.335556,1
-49.894167,-29.396111,1
-49.847222,-29.396111,1
-49.8472222,-29.3961111,1
-49.8941667,-29.3961111,1
-50.386722,-29.42277,1
-50.216667,-29.45,1
-50.2166667,-29.45,1
-50.07080078,-29.58530045,1
-50.026722,-29.590944,1
-50.0267222,-29.5909444,1
-53.35720062,-29.62170029,1
-50.7806015,-29.65060043,1
-50.780556,-29.650833,1
-50.78055556,-29.65083333,1
-51.13059998,-29.67830086,1
-51.460833,-29.688611,1
-51.46083333,-29.68861111,1
-52.42580032,-29.71750069,1
-51.9303889,-29.8255278,1
-51.930389,-29.825528,1
-53.4178,-29.9241,1
-51.7181015,-29.94330025,1
-56.51897,-29.99807,1
-51.22999954,-30.03310013,1
-51.02330017,-30.08110046,1
-53.458333,-30.103611,1
-53.4583333,-30.1036111,1
-51.32500076,-30.11389923,1
-57.55469894,-30.2071991,1
-51.094432,-30.221209,1
-51.0944319,-30.2212095,1
-50.23279953,-30.24749947,1
-50.50970078,-30.25779915,1
-54.91419983,-30.25830078,1
-51.001753,-30.268572,1
-51.0017528,-30.2685722,1
-54.31999969,-30.33639908,1
-52.52190018,-30.54389954,1
-51.5636111,-30.5916667,1
-51.563611,-30.591667,1
-51.65,-30.754444,1
-51.65,-30.7544444,1
-59.183786,-30.792638,1
-59.093727,-30.834625,1
-55.602231,-30.86834,1
-55.6,-30.872222,1
-55.53279877,-30.89080048,1
-59.569131,-30.905747,1
-59.551018,-30.923885,1
-55.516002,-30.943173,1
-54.6727778,-30.9827778,1
-54.672778,-30.982778,1
-54.67309952,-30.98279953,1
-60.084322,-31.099633,1
-60.08432222,-31.09963333,1
-57.933889,-31.288056,1
-54.10689926,-31.33139992,1
-54.1,-31.33333,1
-58.117955,-31.370201,1
-53.690306,-31.443194,1
-53.6903056,-31.4431944,1
-60.574314,-31.54807,1
-53.754917,-31.548944,1
-53.7549167,-31.5489444,1
-53.7560278,-31.5490556,1
-53.756028,-31.549056,1
-53.7553889,-31.5491667,1
-53.755389,-31.549167,1
-53.74725,-31.5508889,1
-53.74725,-31.550889,1
-53.7473333,-31.5510278,1
-53.747333,-31.551028,1
-53.7001667,-31.5518889,1
-53.700167,-31.551889,1
-53.7001111,-31.5520278,1
-53.700111,-31.552028,1
-53.6989444,-31.5521389,1
-53.698944,-31.552139,1
-53.6999722,-31.5525556,1
-53.699972,-31.552556,1
-53.67250061,-31.55809975,1
-53.690139,-31.563722,1
-53.6901389,-31.5637222,1
-53.660083,-31.571333,1
-53.6600833,-31.5713333,1
-53.679056,-31.573,1
-53.6790556,-31.573,1
-53.687167,-31.578833,1
-53.6871667,-31.5788333,1
-53.6980278,-31.5857778,1
-53.698028,-31.585778,1
-53.6973333,-31.5858056,1
-53.697333,-31.585806,1
-53.71425,-31.5871389,1
-53.71425,-31.587139,1
-53.7251667,-31.5965278,1
-53.725167,-31.596528,1
-53.728333,-31.597722,1
-53.7283333,-31.5977222,1
-53.716667,-31.6,1
-53.7166667,-31.6,1
-60.842773,-31.738383,1
-52.342778,-31.771944,1
-52.3427778,-31.7719444,1
-52.359444,-31.776111,1
-52.3594444,-31.7761111,1
-54.154722,-31.894167,1
-54.154528,-31.894556,1
-54.160046,-31.894722,1
-54.153288,-31.895087,1
-58.963755,-31.986206,1
-52.09859848,-32.03499985,1
-52.09833333,-32.035,1
-52.0988889,-32.035,1
-52.0986,-32.035,1
-53.75818,-32.1412,1
-52.58333,-32.5,1
-52.5391667,-32.5380556,1
-52.539167,-32.538056,1
-53.388889,-32.590556,1
-53.67286,-32.704663,1
-58.08,-32.799167,1
-54.443889,-32.911389,1
-54.301,-33.45467,1
-58.952438,-33.481866,1
-59.809356,-33.597284,1
-58.843481,-33.686658,1
-58.609689,-33.776749,1
-59.063976,-33.874398,1
-58.877256,-33.906574,1
-53.8333,-34.1667,1
-58.6065,-34.1673,1
-58.869773,-34.230186,1
-54.6197,-34.274529,1
-57.871554,-34.411128,1
-58.916287,-34.412999,1
-53.866262,-34.419739,1
-53.86842,-34.424251,1
-53.868382,-34.424328,1
-58.443557,-34.539767,1
-58.350081,-34.609571,1
-58.44516,-34.681132,1
-58.089165,-34.770786,1
-54.893778,-34.784417,1
-58.065946,-34.787956,1
-54.9167,-34.8,1
-55.06044444,-34.82526667,1
-55.060444,-34.825267,1
-57.801132,-34.999668,1
-57.802677,-35.000984,1
-53.6571,-22.9218,1
-53.6439,-22.889,1
