long,'lat','typho'
-61.374854,10.443833,1
-47.790858,-16.586016,1
-73.262357,4.861762,1
-53.411413,-18.159978,1
-80.550279,8.234256,1
-63.191732,-17.733387,1
-54.573433,-25.625019,1
-68.30715,-10.561183,1
-66.09946,-11.026332,1
-49.431172,-18.988,1
-66.085895,-11.028088,1
-55.965387,-20.095872,1
-56.294972,-19.952187,1
-56.306133,-19.950962,1
-46.793773,-12.855373,1
-57.503195,-25.369575,1
-63.185828,-17.877452,1
-46.663216,-17.123043,1
-67.822778,-9.946111,1
-49.771022,-17.1092,1
-61.557404,10.207498,1
-67.871644,-9.954969,1
-67.571068,8.565734,1
-47.62148,-22.698312,1
-67.822747,-9.945944,1
-66.100084,-11.024423,1
-54.873122,5.740211,1
-65.969944,-10.866523,1
-67.872256,-9.937616,1
-58.654858,-27.452891,1
-54.914051,-22.211114,1
-61.401953,10.533632,1
-57.52169,-25.279994,1
-55.021059,5.792717,1
-41.743735,-2.910179,1
-61.264272,10.588418,1
-58.562955,-27.314005,1
-60.530967,-31.718148,1
-60.795928,11.191417,1
-74.703507,4.041937,1
-75.02593,10.75222,1
-61.364691,10.489724,1
-54.963531,-22.180139,1
-69.134919,-12.604887,1
-58.562904,-27.313934,1
-72.544687,-7.730554,1
-70.36392,-3.777737,1
-59.618393,-26.79322,1
-66.072137,-11.007196,1
-62.7494,-17.9963,1
-66.093163,-11.031778,1
-66.100141,-11.023538,1
-66.098835,-11.029932,1
-54.586363,-25.620051,1
-55.750349,-15.464775,1
-75.56795,5.717167,1
-55.541634,-20.52867,1
-55.931088,-9.597118,1
-75.400682,9.341221,1
-75.456749,9.424021,1
-75.38399,10.07488,1
-39.337928,-3.81757,1
-70.318139,-8.20816,1
-73.584439,4.074025,1
-49.553914,-0.028076,1
-75.149315,9.958542,1
-56.862243,-16.747967,1
-47.293009,-3.094331,1
-53.653205,-22.918642,1
-67.796322,-9.921051,1
-66.091617,-11.029804,1
-49.429362,-18.989795,1
-70.206202,-3.864544,1
-55.20865,4.963182,1
-53.975704,-25.85756,1
-50.000349,-9.418422,1
-59.352903,3.661194,1
-73.6143,4.112194,1
-59.043016,3.859887,1
-57.716908,-21.692938,1
-57.816304,-21.606489,1
-63.191767,-17.733339,1
-54.980003,5.78355,1
-55.204736,5.623633,1
-69.951347,-4.193861,1
-73.585556,4.073889,1
-49.820049,-15.49862,1
-71.335932,4.566687,1
-63.250882,-23.91768,1
-60.418475,-26.820807,1
-98.948055,22.232778,1
-74.305444,0.252389,1
-74.2215,6.700209,1
-74.083779,6.423364,1
-53.811668,-3.659167,1
-73.39837,4.06385,1
-56.857515,-16.748235,1
-50.382409,-10.300617,1
-67.865924,-9.956307,1
-51.40474,-20.38909,1
-53.657092,-22.921766,1
-55.964844,-20.096361,1
-47.082848,-22.818418,1
-63.233957,-17.858223,1
-58.830681,-26.305503,1
-63.356263,-21.162376,1
-57.018906,-19.576734,1
-59.618393,-26.793213,1
-68.468278,5.551556,1
-68.467806,5.558444,1
-68.492667,5.576778,1
-57.019167,-19.577056,1
-74.54586,5.76401,1
-74.56448,5.30512,1
-58.944167,-26.181389,1
-58.830881,-26.305373,1
-74.6006,5.32952,1
-74.680194,0.151903,1
-38.716667,-3.9,1
-57.019162,-19.577054,1
-71.422279,6.771268,1
-71.465765,6.776136,1
-98.971111,22.219167,1
-54.593505,-25.603817,1
-64.992971,-14.855163,1
-64.790694,-3.118306,1
-64.050944,-3.798778,1
-64.784111,-3.121417,1
-64.786667,-3.117833,1
-62.193611,-3.787111,1
-61.486028,-3.725944,1
-61.460361,-3.70275,1
-57.510619,-19.022219,1
-59.017269,4.143916,1
-38.850368,-4.183564,1
-68.66,5.840833,1
-58.691672,3.756206,1
-68.659944,5.840861,1
-48.189806,-7.104725,1
-65.968094,-10.83339,1
-69.853611,6.391667,1
-55.498411,-20.455139,1
-69.84387,6.39183,1
-69.85439,6.394,1
-73.406174,7.038645,1
-48.035439,-21.494752,1
-61.23144,10.58664,1
-85.331933,10.145017,1
-88.257767,18.594167,1
-77.064222,8.245417,1
-66.099973,-11.029241,1
-46.738906,-12.928008,1
-52.89213,-3.443537,1
-58.798479,3.884973,1
-56.515,-20.996,1
-48.454499,-7.223636,1
-54.876669,-20.759263,1
-73.582944,4.074437,1
-69.913333,-4.229444,1
-48.445389,-22.808742,1
-59.512329,2.826305,1
-48.29449,-10.297413,1
-45.997145,-16.979128,1
-71.564839,6.006597,1
-71.484922,5.942536,1
-71.564722,6.006667,1
-71.776861,6.282028,1
-71.776944,6.281944,1
-73.3835,3.79224,1
-88.4456,18.678961,1
-88.52363,18.768911,1
-88.427297,18.746622,1
-64.852836,-23.755205,1
-91.450028,17.456889,1
-74.367694,7.115639,1
-88.503286,18.786597,1
-88.491275,18.764547,1
-88.504922,18.778031,1
-88.490733,18.764244,1
-49.217128,-19.91345,1
-71.598728,6.218925,1
-71.598611,6.218889,1
-70.686111,5.6225,1
-70.706944,5.620833,1
-70.686667,5.62,1
-75.164194,9.9165,1
-71.822056,6.357083,1
-71.598831,6.219481,1
-71.598889,6.219444,1
-89.17906,21.236908,1
-74.8002,5.16,1
-74.800189,5.16,1
-59.607568,-26.808521,1
-88.260833,18.568889,1
-63.575042,-21.791811,1
-72.499972,5.381667,1
-59.836238,-3.054779,1
-70.456944,-3.740278,1
-70.360556,-3.774167,1
-66.09848,-13.762331,1
-50.990057,-14.610865,1
-88.490989,18.764517,1
-88.479819,18.758564,1
-88.526158,18.758525,1
-88.517897,18.760467,1
-88.384839,18.703375,1
-88.496964,18.765061,1
-75.584263,9.527156,1
-88.260528,18.571167,1
-88.505653,18.767792,1
-88.485508,18.761564,1
-88.517711,18.760553,1
-71.133611,6.547222,1
-69.136274,4.541219,1
-91.398333,17.351389,1
-91.45,17.456667,1
-72.389203,3.457111,1
-56.768588,-17.360186,1
-69.716389,6.233889,1
-56.876243,-16.757403,1
-70.7,-9.98,1
-71.26,-10.43,1
-51.707361,-20.993472,1
-47.940348,-18.163238,1
-53.476525,-22.209806,1
-57.622222,-19.240833,1
-72.089167,4.647778,1
-72.090556,4.639444,1
-88.522472,18.75875,1
-56.7637,-1.448428,1
-56.783333,-19.05,1
-54.618611,-19.4275,1
-71.731667,4.328889,1
-38.351835,-3.99448,1
-60.63,11.29,1
-60.576048,11.313808,1
-60.65,11.29,1
-59.835914,-3.05509,1
-59.353079,3.661227,1
-63.659167,-17.458889,1
-62,-16.36,1
-61.08,-14.91,1
-69.293389,-12.836641,1
-73.037003,4.773,1
-73.04,4.77,1
-46.735,-0.975556,1
-59.587907,-18.337642,1
-51.958,-3.584,1
-73.24811,7.01627,1
-60.63,11.27,1
-58.682826,-26.278793,1
-59.836251,-3.054502,1
-57.474722,-18.090556,1
-51.437883,-10.63288,1
-49.709971,-21.465132,1
-65.81,-12.77,1
-58.054969,-28.020709,1
-74.507472,6.069111,1
-54.552482,-25.622533,1
-49.904444,-6.070833,1
-61.289581,10.692494,1
-53.9,-24.7375,1
-75.364722,9.530278,1
-56.876564,-16.756879,1
-96.226944,19.111333,1
-74.9075,9.450278,1
-88.226697,18.60255,1
-75.368501,10.445791,1
-67.593,8.578,1
-74.821701,5.392285,1
-88.474075,18.505236,1
-93.192778,15.574444,1
-56.615556,-20.086667,1
-72.65815,-7.6751,1
-72.003611,-7.711944,1
-72.67,-7.630833,1
-97.4614,20.185033,1
-89.101525,18.444567,1
-73.466667,3.9,1
-57.720833,-21.701944,1
-88.313342,18.499053,1
-67.582741,8.568412,1
-73.609983,3.654269,1
-56.619555,-18.988078,1
-58.519583,-25.882406,1
-42.8264,-2.74694,1
-43.9406,-4.25528,1
-41.7769,-4.27333,1
-41.9031,-2.89,1
-48.3603,-10.2128,1
-52.2383,-1.74833,1
-59.1306,-3.57972,1
-52.01,-2.88,1
-57.6533,-19.0092,1
-51.34,-20.43027778,1
-44.31388889,-19.76277778,1
-72.66972222,-7.631111111,1
-70.76555556,-8.161666667,1
-67.80972222,-9.974722222,1
-61.19333333,-11.6725,1
-49.74,-21.67027778,1
-57.67888889,-16.07083333,1
-52.20638889,-3.203333333,1
-50.66916667,-11.61722222,1
-56.62277778,-16.25694444,1
-40.09777778,-19.19694444,1
-60.025,-3.101944444,1
-51.70736111,-20.99347222,1
-51.67829895,-20.75110054,1
-54.84420013,-18.91810036,1
-49.11780167,-5.368609905,1
-47.06000137,-22.89999962,1
-43.74499893,-19.5135994,1
-48.22000122,-13.53310013,1
-51.82220078,-16.42690086,1
-58.11560059,-15.2407999,1
-55.98360062,-4.276110172,1
-53.40810013,-25.43560028,1
-69.9380833,-4.2525,1
-53.3694444,-15.3688889,1
-72.67,-7.6308333,1
-49.9044444,-6.0708333,1
-46.735,-0.9755556,1
-72.0036111,-7.7119444,1
-51.92639923,-18.96529961,1
-57.4858017,-14.61940002,1
-49.2689,-20.4101,1
-56.1158,-19.5571,1
-56.1506,-19.5779,1
-49.3794,-20.8197,1
-49.5434,-21.0767,1
-50.9267,-20.2109,1
-49.1933,-20.3633,1
-49.1982,-20.3578,1
-49.6995,-20.1625,1
-50.485,-20.1972,1
-52.2341,-22.5446,1
-49.9287,-21.0344,1
-49.4343,-20.3915,1
-56.1514,-19.5727,1
-56.1496,-19.5683,1
-56.146,-19.5723,1
-56.1141,-19.565,1
-56.1129,-19.5638,1
-56.1305,-19.5346,1
-56.1272,-19.5419,1
-56.1264,-19.5421,1
-56.1273,-19.5425,1
-56.1151,-19.5529,1
-57.019,-19.576,1
-57.0145,-19.479,1
-49.3023,-20.8294,1
-49.3059,-20.8378,1
-49.4755,-20.8618,1
-49.4743,-20.8469,1
-49.3799,-20.8111,1
-57.8821,-21.6986,1
-57.0192,-19.5769,1
-44.4325,-19.8894,1
-51.3447,-20.4277,1
-48.5372,-21.6205,1
-48.9262,-21.2251,1
-52.1716,-22.6214,1
-49.5022,-21.3992,1
-51.8567,-23.8656,1
-49.9738,-21.0152,1
-49.2211,-21.4691,1
-49.3796,-20.8108,1
-49.2905,-21.2013,1
-49.1975,-20.303,1
-49.0312,-20.9635,1
-49.2201,-20.7953,1
-49.1907,-20.2965,1
-49.5113,-20.8241,1
-47.7972,-21.6031,1
-48.4467,-22.2697,1
-48.5306,-22.3027,1
-48.8982,-22.7764,1
-47.5674,-20.6362,1
-51.5537,-22.0068,1
-57.6532,-19.0012,1
-41.7881,-6.1109,1
-54.5423,-21.8025,1
-53.1292,-18.5439,1
-42.7685,-5.041,1
-63.0298,-7.5169,1
-58.1782,-15.6261,1
-56.8221,-16.6856,1
-48.5396,-12.0371,1
-48.1082,-24.5269,1
-50.8937,-20.1852,1
-49.1979,-20.3412,1
-49.5229,-19.9504,1
-56.4401,-20.8135,1
-49.2008,-20.3515,1
-49.4456,-20.9177,1
-50.4851,-20.197,1
-51.9783,-23.9134,1
-51.9552,-23.9184,1
-51.47999954,-20.87000084,1
-48.41719818,-10.70810032,1
-51.41889954,-20.36720085,1
-54.04389954,-19.53140068,1
-49.62360001,-10.79360008,1
-57.0217,-19.5752,1
-57.7169,-21.6929,1
-57.8163,-21.6065,1
-57.5564,-19.0184,1
-53.7471,-22.9008,1
