ecoregion	scenario	extinction	ex_sp	int_space	fun_space	phy_space	connectance	nodf	mod	h2	fc
atlantic_forest	45_clim_41	0	0	0.1999581	0.06392921	0.005607579	0.2083333	37.08477	0.3170443	0.2908586	136.2003
atlantic_forest	45_clim_41	6	D_jim	0.1972189	0.04844283	0.005004408	0.2132353	37.73781	0.315797	0.289757	134.4672
atlantic_forest	45_clim_41	11	P_azu	0.1993331	0.05430383	0.005223418	0.2083333	37.46593	0.3115061	0.3050594	128.6679
atlantic_forest	45_clim_41	17	S_fut	0.2004523	0.05416951	0.005611464	0.2055556	36.84758	0.3140235	0.312761	125.4517
atlantic_forest	45_clim_41	22	P_pla	0.2060361	0.05415851	0.005726249	0.2053571	38.16466	0.3068652	0.3093161	121.5708
atlantic_forest	45_clim_41	28	P_cuv	0.1938847	0.05305658	0.005828653	0.2083333	38.40799	0.3111738	0.3162437	119.1743
atlantic_forest	45_clim_41	33	D_min	0.16529	0.05082663	0.006448612	0.2118056	38.97591	0.3155872	0.3192475	115.8799
atlantic_forest	45_clim_41	39	T_typ	0.1677941	0.04204682	0.006375289	0.2272727	38.4585	0.3146052	0.3207251	114.6182
atlantic_forest	45_clim_41	44	B_ran	0.1639599	0.03986236	0.006382688	0.2291667	39.1166	0.3138082	0.3324468	111.7727
atlantic_forest	45_clim_41	50	S_fus	0.1143914	0.03583285	0.006983884	0.25	39.17125	0.3123386	0.329746	110.4272
atlantic_forest	45_clim_41	56	D_nan	0.08476359	0.03358397	0.006990701	0.2291667	36.34242	0.3148377	0.3614219	93.96339
atlantic_forest	45_clim_41	61	D_san	0.08574647	0.03330525	0.007310663	0.2559524	36.46946	0.3137587	0.359506	93.28343
atlantic_forest	45_clim_41	67	S_squ	0.04741249	0.03139133	0.008117648	0.2916667	36.53412	0.312634	0.3575497	90.8164
atlantic_forest	45_clim_41	72	R_dip	0.03958687	0.01951339	0.007075623	0.3391304	38.45917	0.3099999	0.3652803	88.05038
atlantic_forest	45_clim_41	78	E_bic	0.01566352	0.01280582	0.005488919	0.3863636	39.96383	0.272149	0.3197321	80.25977
atlantic_forest	45_clim_61	0	0	0.1999581	0.04847102	0.005122556	0.2083333	37.08477	0.3170443	0.2908586	136.2003
atlantic_forest	45_clim_61	6	D_jim	0.1972189	0.04844283	0.005004408	0.2132353	37.73781	0.315797	0.289757	134.4672
atlantic_forest	45_clim_61	11	S_fut	0.2017385	0.04833468	0.005396475	0.2109375	37.18885	0.3169211	0.3008685	131.2609
atlantic_forest	45_clim_61	17	P_azu	0.2004523	0.05416951	0.005611464	0.2055556	36.84758	0.3140235	0.312761	125.4517
atlantic_forest	45_clim_61	22	P_cuv	0.2059052	0.05309025	0.005714408	0.2083333	37.00272	0.3152135	0.318595	122.3659
atlantic_forest	45_clim_61	28	D_min	0.178377	0.05132565	0.006330601	0.2115385	37.98628	0.3190345	0.321271	119.1261
atlantic_forest	45_clim_61	33	T_typ	0.1742579	0.04388951	0.006259502	0.2256944	37.31412	0.3182795	0.3229717	117.8541
atlantic_forest	45_clim_61	39	P_pla	0.1677941	0.04204682	0.006375289	0.2272727	38.4585	0.3146052	0.3207251	114.6182
atlantic_forest	45_clim_61	44	B_ran	0.1639599	0.03986236	0.006382688	0.2291667	39.1166	0.3138082	0.3324468	111.7727
atlantic_forest	45_clim_61	50	D_nan	0.1539062	0.03800087	0.007335935	0.2083333	36.42552	0.3158722	0.3617617	95.26182
atlantic_forest	45_clim_61	56	S_fus	0.08476359	0.03358397	0.006990701	0.2291667	36.34242	0.3148377	0.3614219	93.96339
atlantic_forest	45_clim_61	61	S_squ	0.08574647	0.03296129	0.007059406	0.2559524	36.46946	0.3137587	0.359506	93.28343
atlantic_forest	45_clim_61	67	R_dip	0.08431573	0.01991339	0.007399266	0.2898551	38.36354	0.3109715	0.3671896	90.41181
atlantic_forest	45_clim_61	72	D_san	0.03958687	0.01951339	0.007075623	0.3391304	38.45917	0.3099999	0.3652803	88.05038
atlantic_forest	45_clim_61	78	L_pod	0.008140728	0.01863106	0.008131065	0.34375	31.66667	0.208616	0.4296046	61.33999
atlantic_forest	85_clim_41	0	0	0.1999581	0.04847102	0.005122556	0.2083333	37.08477	0.3170443	0.2908586	136.2003
atlantic_forest	85_clim_41	6	D_jim	0.1972189	0.04844283	0.005004408	0.2132353	37.73781	0.315797	0.289757	134.4672
atlantic_forest	85_clim_41	11	S_fut	0.2017385	0.04833468	0.005396475	0.2109375	37.18885	0.3179165	0.3008685	131.2609
atlantic_forest	85_clim_41	17	P_azu	0.2004523	0.05416951	0.005611464	0.2055556	36.84758	0.3140235	0.312761	125.4517
atlantic_forest	85_clim_41	22	D_min	0.1762727	0.05233674	0.006492041	0.2083333	38.18055	0.3161426	0.3121482	122.0893
atlantic_forest	85_clim_41	28	T_typ	0.1770666	0.04482488	0.006464476	0.2211538	37.35808	0.3154813	0.3138255	120.8381
atlantic_forest	85_clim_41	33	D_nan	0.1737554	0.04486923	0.006761034	0.2048611	35.56461	0.3149795	0.3344754	104.41
atlantic_forest	85_clim_41	39	B_ran	0.1493035	0.04276167	0.006856595	0.2045455	36.16242	0.3104287	0.3485814	102.2048
atlantic_forest	85_clim_41	44	S_fus	0.1288339	0.03904647	0.006499822	0.2208333	36.54131	0.3093397	0.3474157	100.9978
atlantic_forest	85_clim_41	50	R_dip	0.1267989	0.04560809	0.006542272	0.2415459	39.261	0.3055295	0.3536294	97.71066
atlantic_forest	85_clim_41	56	S_squ	0.127049	0.04444565	0.006553699	0.2663043	39.8746	0.3046024	0.3512441	97.20475
atlantic_forest	85_clim_41	61	L_fus	0.06622369	0.04369562	0.006832733	0.2981366	40.58916	0.3015324	0.3437025	94.98979
atlantic_forest	85_clim_41	67	D_san	0.03115234	0.04171074	0.00717014	0.3405797	40.44065	0.3005179	0.341117	91.94818
atlantic_forest	85_clim_41	72	L_pod	0.01106716	0.03811966	0.008029776	0.3529412	37.8653	0.2316306	0.3764262	65.44856
atlantic_forest	85_clim_41	78	E_bic	0.1691988	0.02591046	0.007052036	0.4166667	43.73874	0.1520268	0.3163968	58.24189
atlantic_forest	85_clim_61	0	0	0.1999581	0.04847102	0.005122556	0.2083333	37.08477	0.3170443	0.2908586	136.2003
atlantic_forest	85_clim_61	6	D_jim	0.1972189	0.04844283	0.005004408	0.2132353	37.73781	0.315797	0.289757	134.4672
atlantic_forest	85_clim_61	11	P_cuv	0.1814594	0.04785631	0.005094272	0.2161458	38.25247	0.3144257	0.2909626	131.2272
atlantic_forest	85_clim_61	17	S_fut	0.1894991	0.0478705	0.005492997	0.2138889	37.52187	0.31686	0.3044375	128.0958
atlantic_forest	85_clim_61	22	P_azu	0.2059052	0.05309025	0.005714408	0.2083333	37.00272	0.3162448	0.318595	122.3659
atlantic_forest	85_clim_61	28	D_min	0.178377	0.05132565	0.006330601	0.2115385	37.98628	0.3190345	0.321271	119.1261
atlantic_forest	85_clim_61	33	L_fus	0.1748457	0.05211154	0.006407304	0.2256944	38.9049	0.3152466	0.3169497	117.2947
atlantic_forest	85_clim_61	39	S_fus	0.1036576	0.05201183	0.007095199	0.2424242	39.01957	0.3136577	0.3156895	115.6828
atlantic_forest	85_clim_61	44	T_typ	0.09644353	0.04308817	0.007076147	0.2625	38.09895	0.3122526	0.3173714	114.6002
atlantic_forest	85_clim_61	50	P_pla	0.0784398	0.04128958	0.007219872	0.2685185	39.45971	0.3120196	0.3146628	111.1048
atlantic_forest	85_clim_61	56	D_nan	0.05862103	0.04086601	0.007105076	0.25	36.63299	0.3067277	0.3398488	94.74401
atlantic_forest	85_clim_61	61	L_pod	0.03515601	0.02936635	0.007922936	0.2605042	37.62208	0.2357189	0.3541813	68.09536
atlantic_forest	85_clim_61	67	S_squ	0.03516011	0.0298525	0.007759289	0.2941176	38.6755	0.2257158	0.3414364	66.71702
atlantic_forest	85_clim_61	72	R_dip	0.03446124	0.02094395	0.007222681	0.3375	42.23077	0.2190135	0.3780889	64.24672
atlantic_forest	85_clim_61	78	B_ran	0.008140728	0.0067896	0.008395869	0.34375	31.66667	0.208616	0.4296046	61.33999
atlantic_forest	45_land_41	0	0	0.1999581	0.04847102	0.005122556	0.2083333	37.08477	0.3170443	0.2908586	136.2003
atlantic_forest	45_land_41	6	P_azu	0.2149424	0.05437582	0.005367976	0.2034314	36.65935	0.3126758	0.3045192	130.3718
atlantic_forest	45_land_41	11	R_dip	0.2164614	0.0587185	0.005507661	0.2173913	39.20401	0.3016268	0.2938469	126.5987
atlantic_forest	45_land_41	17	D_jim	0.196161	0.05889293	0.005358506	0.2231884	40.05387	0.2984202	0.2942176	124.9058
atlantic_forest	45_land_41	22	P_cuv	0.2029558	0.05607002	0.005469092	0.2267081	40.52464	0.3019032	0.3011181	121.7549
atlantic_forest	45_land_41	28	D_min	0.186192	0.05307681	0.005252137	0.2307692	41.94361	0.3084444	0.3024359	118.6066
atlantic_forest	45_land_41	33	P_pla	0.1860658	0.04222979	0.005277605	0.2318841	43.43708	0.3095912	0.2984924	115.2522
atlantic_forest	45_land_41	39	S_fut	0.167277	0.04203671	0.005923551	0.229249	41.64425	0.3154039	0.3164551	112.3243
atlantic_forest	45_land_41	44	S_fus	0.1400619	0.03920782	0.005858125	0.2478261	41.49808	0.3139284	0.3153075	110.7163
atlantic_forest	45_land_41	50	T_typ	0.1306059	0.03548039	0.005532504	0.2705314	41.06031	0.3126631	0.3168654	109.7168
atlantic_forest	45_land_41	56	B_ran	0.1106069	0.02213508	0.005792237	0.2771739	41.82596	0.3102834	0.3264492	107.0167
atlantic_forest	45_land_41	61	L_pod	0.1011759	0.02211805	0.005863593	0.2698413	37.73946	0.3535043	0.4302317	82.69862
atlantic_forest	45_land_41	67	D_nan	0.06939714	0.01941963	0.006479163	0.25	31.03704	0.2377485	0.4714617	65.00318
atlantic_forest	45_land_41	72	L_fus	0.008140728	0.006788617	0.007297266	0.2875	31.07692	0.2235132	0.4432087	62.75305
atlantic_forest	45_land_41	78	S_squ	0.008140728	0.0067896	0.008395869	0.34375	31.66667	0.208616	0.4296046	61.33999
atlantic_forest	45_land_61	0	0	0.1999581	0.04847102	0.005122556	0.2083333	37.08477	0.3170443	0.2908586	136.2003
atlantic_forest	45_land_61	6	P_azu	0.214942365	0.054375823	0.005367976	0.203431373	36.65934659	0.312675757	0.304519246	130.3718024
atlantic_forest	45_land_61	11	R_dip	0.216461384	0.058718503	0.005507661	0.217391304	39.20400868	0.301626795	0.293846909	126.5987177
atlantic_forest	45_land_61	17	D_jim	0.196161041	0.058892932	0.005358506	0.223188406	40.05387071	0.299623937	0.294217582	124.9058008
atlantic_forest	45_land_61	22	P_cuv	0.202955761	0.05607002	0.005469092	0.226708075	40.52464009	0.301903247	0.301118125	121.7548977
atlantic_forest	45_land_61	28	D_min	0.186192038	0.053076809	0.005252137	0.230769231	41.94360524	0.308444388	0.302435902	118.6065507
atlantic_forest	45_land_61	33	S_fut	0.176973067	0.05290185	0.005846875	0.22826087	40.63143753	0.31482162	0.320627145	115.511758
atlantic_forest	45_land_61	39	T_typ	0.16333642	0.054697248	0.005962187	0.245059289	40.02628324	0.313194872	0.320530781	114.2566496
atlantic_forest	45_land_61	44	P_pla	0.168308337	0.038608561	0.006042838	0.247826087	41.36385427	0.314132585	0.317991872	111.085194
atlantic_forest	45_land_61	50	S_fus	0.130605873	0.035480394	0.005532504	0.270531401	41.06030648	0.312663063	0.316865447	109.7167586
atlantic_forest	45_land_61	56	B_ran	0.110606869	0.022135079	0.005792237	0.277173913	41.8259617	0.310283375	0.326449161	107.0167408
atlantic_forest	45_land_61	61	L_pod	0.101175944	0.022118049	0.005863593	0.26984127	37.7394636	0.353504259	0.430231748	82.69862213
atlantic_forest	45_land_61	67	L_fus	0.058317563	0.010908111	0.006611909	0.305555556	39.38492063	0.353179174	0.420047809	80.6677272
atlantic_forest	45_land_61	72	D_nan	0.008140728	0.006788617	0.007297266	0.2875	31.07692308	0.223513233	0.443208722	62.75304674
atlantic_forest	45_land_61	78	S_squ	0.008140728	0.0067896	0.008395869	0.34375	31.66666667	0.208616012	0.429604625	61.33998586
atlantic_forest	85_land_41	0	0	0.1999581	0.04847102	0.005122556	0.2083333	37.08477	0.3170443	0.2908586	136.2003
atlantic_forest	85_land_41	6	P_azu	0.214942365	0.054375823	0.005367976	0.203431373	36.65934659	0.312675757	0.304519246	130.3718024
atlantic_forest	85_land_41	11	R_dip	0.216461384	0.058718503	0.005507661	0.217391304	39.20400868	0.301626795	0.293846909	126.5987177
atlantic_forest	85_land_41	17	D_jim	0.196161041	0.058892932	0.005358506	0.223188406	40.05387071	0.300713897	0.294217582	124.9058008
atlantic_forest	85_land_41	22	P_cuv	0.202955761	0.05607002	0.005469092	0.226708075	40.52464009	0.301903247	0.301118125	121.7548977
atlantic_forest	85_land_41	28	D_min	0.186192038	0.053076809	0.005252137	0.230769231	41.94360524	0.308444388	0.302435902	118.6065507
atlantic_forest	85_land_41	33	P_pla	0.186065777	0.042229789	0.005277605	0.231884058	43.43708016	0.309591184	0.298492445	115.2522472
atlantic_forest	85_land_41	39	S_fut	0.167277023	0.042036708	0.005923551	0.229249012	41.64424861	0.315403892	0.316455142	112.3243059
atlantic_forest	85_land_41	44	T_typ	0.168308337	0.038608561	0.006042838	0.247826087	41.36385427	0.314132585	0.317991872	111.085194
atlantic_forest	85_land_41	50	S_fus	0.130605873	0.035480394	0.005532504	0.270531401	41.06030648	0.312663063	0.316865447	109.7167586
atlantic_forest	85_land_41	56	L_fus	0.074525797	0.03097423	0.005770777	0.298913043	42.37756312	0.311357399	0.310759864	107.5841807
atlantic_forest	85_land_41	61	B_ran	0.0605022	0.021648043	0.006032875	0.310559006	42.71202642	0.308753598	0.319958007	104.8243479
atlantic_forest	85_land_41	67	D_nan	0.035314712	0.019220312	0.006664144	0.289855072	38.86105188	0.308606933	0.361034118	88.92794343
atlantic_forest	85_land_41	72	L_pod	0.008140728	0.006788617	0.007297266	0.2875	31.07692308	0.223513233	0.443208722	62.75304674
atlantic_forest	85_land_41	78	S_squ	0.008140728	0.0067896	0.008395869	0.34375	31.66666667	0.208616012	0.429604625	61.33998586
atlantic_forest	85_land_61	0	0	0.1999581	0.04847102	0.005122556	0.2083333	37.08477	0.3170443	0.2908586	136.2003
atlantic_forest	85_land_61	6	P_azu	0.214942365	0.054375823	0.005367976	0.203431373	36.65934659	0.312675757	0.304519246	130.3718024
atlantic_forest	85_land_61	11	D_jim	0.199333051	0.054303835	0.005223418	0.208333333	37.46592913	0.311506084	0.305059402	128.6679474
atlantic_forest	85_land_61	17	R_dip	0.196161041	0.058892932	0.005358506	0.223188406	40.05387071	0.300713897	0.294217582	124.9058008
atlantic_forest	85_land_61	22	P_cuv	0.202955761	0.05607002	0.005469092	0.226708075	40.52464009	0.301903247	0.301118125	121.7548977
atlantic_forest	85_land_61	28	S_fut	0.197876356	0.056232262	0.005863827	0.224080268	39.5813552	0.307700897	0.318159713	118.6910151
atlantic_forest	85_land_61	33	D_min	0.176973067	0.05290185	0.005846875	0.22826087	40.63143753	0.31482162	0.320627145	115.511758
atlantic_forest	85_land_61	39	S_fus	0.164027714	0.0515712	0.005104468	0.245059289	40.81632653	0.313511615	0.317705512	114.0120457
atlantic_forest	85_land_61	44	L_fus	0.098446593	0.053085789	0.005334111	0.265217391	41.71061042	0.309851325	0.312760038	112.0945898
atlantic_forest	85_land_61	50	P_pla	0.080805544	0.038125473	0.006119301	0.270531401	42.9345856	0.312663063	0.309123678	108.6980559
atlantic_forest	85_land_61	56	T_typ	0.074525797	0.03097423	0.005770777	0.298913043	42.37756312	0.311357399	0.310759864	107.5841807
atlantic_forest	85_land_61	61	L_pod	0.070274049	0.021737389	0.006353183	0.301587302	39.69348659	0.341943332	0.389128697	83.13434036
atlantic_forest	85_land_61	67	D_nan	0.034461489	0.020938538	0.007332799	0.291666667	40.91358025	0.23240801	0.391393734	65.5177584
atlantic_forest	85_land_61	72	B_ran	0.008140728	0.006788617	0.007297266	0.2875	31.07692308	0.223513233	0.443208722	62.75304674
atlantic_forest	85_land_61	78	S_squ	0.008140728	0.0067896	0.008395869	0.34375	31.66666667	0.208616012	0.429604625	61.33998586
chaco	45_clim_41	0	0	0.2343768	0.04931843	0.004736432	0.2134615	44.0493	0.285038	0.2596836	302.7442
chaco	45_clim_41	5	E_mat	0.2339133	0.048624097	0.004818577	0.222672065	45.31511863	0.280302437	0.254818946	299.9813859
chaco	45_clim_41	10	S_con	0.22935639	0.046754429	0.004844679	0.226495726	45.89618569	0.275232722	0.254193831	295.875645
chaco	45_clim_41	15	P_mot	0.227080247	0.047838523	0.005090466	0.230769231	46.51781245	0.27644831	0.256350766	291.771445
chaco	45_clim_41	20	B_pun	0.195401677	0.046919898	0.005276728	0.235576923	47.3302774	0.277844668	0.255285732	287.239894
chaco	45_clim_41	25	P_pla	0.163746197	0.04603334	0.004888774	0.233333333	46.97459679	0.281112415	0.262285335	280.1726397
chaco	45_clim_41	30	R_ber	0.15282959	0.046051279	0.004775385	0.239010989	48.35915854	0.251596298	0.237411396	265.7118641
chaco	45_clim_41	35	T_typ	0.149382939	0.044785297	0.00488033	0.25147929	48.3820484	0.252258276	0.240542709	263.598456
chaco	45_clim_41	40	B_ran	0.148123729	0.042937345	0.005036005	0.266025641	48.89505245	0.250999318	0.241678012	260.4625748
chaco	45_clim_41	45	D_nan	0.129515104	0.044213366	0.005302237	0.258741259	48.18157172	0.227569973	0.246009549	243.7387697
chaco	45_clim_41	50	R_dip	0.119306625	0.042886482	0.005706243	0.28	52.13788024	0.212897294	0.213801566	215.9934494
chaco	45_clim_41	55	L_pod	0.119080155	0.042068245	0.00584545	0.284444444	49.16084783	0.21619146	0.225913943	212.0735366
chaco	45_clim_41	60	L_fus	0.114391051	0.03699968	0.005958155	0.305	49.45034006	0.215069739	0.229634244	210.3650956
chaco	45_clim_41	65	P_alb	0.060877562	0.04156039	0.006653868	0.342857143	49.79660915	0.211837681	0.22089001	205.7590315
chaco	45_clim_41	70	S_nas	0.049313211	0.033873413	0.007469766	0.386666667	48.18426943	0.210870916	0.220971309	200.2754988
chaco	45_clim_41	75	L_cha	0.047195631	0.031067014	0.00760743	0.378947368	39.61609293	0.237064409	0.345895667	93.67285427
chaco	45_clim_61	0	0	0.2343768	0.04931843	0.004736432	0.2134615	44.0493	0.285038	0.2596836	302.7442
chaco	45_clim_61	5	E_mat	0.2339133	0.048624097	0.004818577	0.222672065	45.31511863	0.280302437	0.254818946	299.9813859
chaco	45_clim_61	10	S_con	0.22935639	0.046754429	0.004844679	0.226495726	45.89618569	0.275232722	0.254193831	295.875645
chaco	45_clim_61	15	P_mot	0.227080247	0.047838523	0.005090466	0.230769231	46.51781245	0.27644831	0.256350766	291.771445
chaco	45_clim_61	20	B_pun	0.195401677	0.046919898	0.005276728	0.235576923	47.3302774	0.277844668	0.255285732	287.239894
chaco	45_clim_61	25	R_ber	0.169775331	0.046791156	0.005167181	0.241025641	48.43740594	0.251496824	0.237888797	272.9038911
chaco	45_clim_61	30	T_typ	0.160923364	0.044497462	0.005258034	0.252747253	48.60917761	0.252122346	0.239540704	270.8561683
chaco	45_clim_61	35	P_pla	0.149382939	0.044785297	0.00488033	0.25147929	48.3820484	0.252258276	0.240542709	263.598456
chaco	45_clim_61	40	B_ran	0.148123729	0.042937345	0.005036005	0.266025641	48.89505245	0.249596637	0.241678012	260.4625748
chaco	45_clim_61	45	D_nan	0.129515104	0.044213366	0.005302237	0.258741259	48.18157172	0.229411158	0.246009549	243.7387697
chaco	45_clim_61	50	R_dip	0.119306625	0.042886482	0.005706243	0.28	52.13788024	0.212897294	0.213801566	215.9934494
chaco	45_clim_61	55	L_pod	0.119080155	0.042068245	0.00584545	0.284444444	49.16084783	0.21619146	0.225913943	212.0735366
chaco	45_clim_61	60	L_fus	0.114391051	0.03699968	0.005958155	0.305	49.45034006	0.216642843	0.229634244	210.3650956
chaco	45_clim_61	65	P_alb	0.060877562	0.04156039	0.006653868	0.342857143	49.79660915	0.211837681	0.22089001	205.7590315
chaco	45_clim_61	70	S_nas	0.049313211	0.033873413	0.007469766	0.386666667	48.18426943	0.210870916	0.220971309	200.2754988
chaco	45_clim_61	75	L_cha	0.047195631	0.031067014	0.00760743	0.378947368	39.61609293	0.237064409	0.345895667	93.67285427
chaco	85_clim_41	0	0	0.2343768	0.04931843	0.004736432	0.2134615	44.0493	0.285038	0.2596836	302.7442
chaco	85_clim_41	5	S_con	0.229902347	0.047144222	0.00475426	0.21659919	44.54218189	0.280041988	0.259716891	298.9867683
chaco	85_clim_41	10	E_mat	0.22935639	0.046754429	0.004844679	0.226495726	45.89618569	0.275232722	0.254193831	295.875645
chaco	85_clim_41	15	P_mot	0.227080247	0.047838523	0.005090466	0.230769231	46.51781245	0.27644831	0.256350766	291.771445
chaco	85_clim_41	20	B_pun	0.195401677	0.046919898	0.005276728	0.235576923	47.3302774	0.277844668	0.255285732	287.239894
chaco	85_clim_41	25	R_ber	0.169775331	0.046791156	0.005167181	0.241025641	48.43740594	0.251802181	0.237888797	272.9038911
chaco	85_clim_41	30	P_pla	0.15282959	0.046051279	0.004775385	0.239010989	48.35915854	0.251596298	0.237411396	265.7118641
chaco	85_clim_41	35	T_typ	0.149382939	0.044785297	0.00488033	0.25147929	48.3820484	0.252258276	0.240542709	263.598456
chaco	85_clim_41	40	D_nan	0.132938909	0.046207011	0.00502884	0.243589744	48.21141667	0.231886857	0.244830559	246.6683009
chaco	85_clim_41	45	B_ran	0.129515104	0.044213366	0.005302237	0.258741259	48.18157172	0.229411158	0.246009549	243.7387697
chaco	85_clim_41	50	R_dip	0.119306625	0.042886482	0.005706243	0.28	52.13788024	0.212897294	0.213801566	215.9934494
chaco	85_clim_41	55	L_fus	0.114913591	0.039367045	0.005656652	0.297777778	52.40489545	0.213326524	0.216981494	214.4695599
chaco	85_clim_41	60	L_pod	0.114391051	0.03699968	0.005958155	0.305	49.45034006	0.216642843	0.229634244	210.3650956
chaco	85_clim_41	65	P_alb	0.060877562	0.04156039	0.006653868	0.342857143	49.79660915	0.211837681	0.22089001	205.7590315
chaco	85_clim_41	70	S_nas	0.049313211	0.033873413	0.007469766	0.386666667	48.18426943	0.210870916	0.220971309	200.2754988
chaco	85_clim_41	75	L_cha	0.047195631	0.031067014	0.00760743	0.378947368	39.61609293	0.237064409	0.345895667	93.67285427
chaco	85_clim_61	0	0	0.2343768	0.04931843	0.004736432	0.2134615	44.0493	0.285038	0.2596836	302.7442
chaco	85_clim_61	5	S_con	0.229902347	0.047144222	0.00475426	0.21659919	44.54218189	0.280041988	0.259716891	298.9867683
chaco	85_clim_61	10	E_mat	0.22935639	0.046754429	0.004844679	0.226495726	45.89618569	0.275232722	0.254193831	295.875645
chaco	85_clim_61	15	R_ber	0.233276669	0.047040544	0.004744754	0.230769231	46.92706456	0.250708393	0.236469324	281.4191473
chaco	85_clim_61	20	B_pun	0.19546374	0.046027232	0.004924628	0.235576923	47.87079494	0.25365575	0.23402979	277.8850756
chaco	85_clim_61	25	P_mot	0.169775331	0.046791156	0.005167181	0.241025641	48.43740594	0.250795685	0.237888797	272.9038911
chaco	85_clim_61	30	L_fus	0.169103771	0.048472688	0.005119108	0.25	48.90345799	0.251385626	0.239669488	271.3135167
chaco	85_clim_61	35	T_typ	0.162600792	0.046546445	0.005208255	0.263313609	48.81983642	0.253289223	0.241479182	269.2320024
chaco	85_clim_61	40	P_pla	0.149689861	0.046299741	0.004832341	0.262820513	48.83933451	0.252915792	0.243693889	261.7969442
chaco	85_clim_61	45	D_nan	0.133010743	0.045471144	0.004978778	0.255244755	48.6521231	0.231069893	0.248437954	244.9251398
chaco	85_clim_61	50	L_pod	0.133356577	0.047208621	0.005267511	0.257692308	46.46768884	0.236681303	0.261906714	240.9414342
chaco	85_clim_61	55	R_dip	0.130271742	0.046925186	0.005672568	0.28	49.71144307	0.218466749	0.230343381	213.4763727
chaco	85_clim_61	60	B_ran	0.114391051	0.03699968	0.005958155	0.305	49.45034006	0.216642843	0.229634244	210.3650956
chaco	85_clim_61	65	P_alb	0.060877562	0.04156039	0.006653868	0.342857143	49.79660915	0.211837681	0.22089001	205.7590315
chaco	85_clim_61	70	S_nas	0.049313211	0.033873413	0.007469766	0.386666667	48.18426943	0.210870916	0.220971309	200.2754988
chaco	85_clim_61	75	P_bil	0.004472042	0.029462189	0.006822068	0.448	50.33240281	0.202606833	0.201056328	191.9548373
chaco	45_land_41	0	0	0.2343768	0.04931843	0.004736432	0.2134615	44.0493	0.285038	0.2596836	302.7442
chaco	45_land_41	5	E_mat	0.2339133	0.048624097	0.004818577	0.222672065	45.31511863	0.280302437	0.254818946	299.9813859
chaco	45_land_41	10	S_con	0.22935639	0.046754429	0.004844679	0.226495726	45.89618569	0.275232722	0.254193831	295.875645
chaco	45_land_41	15	R_dip	0.226265649	0.068878267	0.004977843	0.24	49.29673569	0.262573542	0.236365431	266.6981337
chaco	45_land_41	20	P_mot	0.224965212	0.069139559	0.005227447	0.245	49.98410155	0.264524247	0.237915651	262.7836536
chaco	45_land_41	25	B_pun	0.19036838	0.065573824	0.005419355	0.250666667	50.73601125	0.266366372	0.235693242	258.4369016
chaco	45_land_41	30	P_pla	0.159484844	0.061165842	0.005016739	0.248571429	50.55177311	0.270110766	0.238792638	251.5312238
chaco	45_land_41	35	T_typ	0.155429672	0.057733574	0.005126598	0.261538462	50.65158423	0.270509754	0.240963934	249.5439716
chaco	45_land_41	40	R_ber	0.145324933	0.056933428	0.00526831	0.27	52.16884929	0.239099813	0.207638342	234.7077191
chaco	45_land_41	45	P.bil	0.110488671	0.057175814	0.006019537	0.287272727	54.66563054	0.23463303	0.195074316	229.4981218
chaco	45_land_41	50	B_ran	0.09164544	0.046815302	0.006195135	0.308	55.29361983	0.231198162	0.192993724	226.1732607
chaco	45_land_41	55	L_pod	0.091204246	0.045694582	0.006200259	0.315555556	53.01832138	0.233690709	0.2002771	222.0243825
chaco	45_land_41	60	D_nan	0.073160376	0.046381128	0.006506276	0.31	51.38631567	0.20874034	0.208294482	207.0015557
chaco	45_land_41	65	L_fus	0.070224926	0.04154003	0.006653868	0.337142857	51.72807333	0.209228024	0.211533334	204.6412613
chaco	45_land_41	70	P_alb	0.032170981	0.041545973	0.006116506	0.386666667	51.72924298	0.203572775	0.201697932	199.1713687
chaco	45_land_41	75	L_cha	0.0320464	0.036429662	0.006990725	0.4	45.72911751	0.224896583	0.305840929	92.86788034
chaco	45_land_61	0	0	0.2343768	0.04931843	0.004736432	0.2134615	44.0493	0.285038	0.2596836	302.7442
chaco	45_land_61	5	E_mat	0.2339133	0.048624097	0.004818577	0.222672065	45.31511863	0.280302437	0.254818946	299.9813859
chaco	45_land_61	10	S_con	0.22935639	0.046754429	0.004844679	0.226495726	45.89618569	0.275232722	0.254193831	295.875645
chaco	45_land_61	15	R_dip	0.226265649	0.068878267	0.004977843	0.24	49.29673569	0.262573542	0.236365431	266.6981337
chaco	45_land_61	20	P_mot	0.224965212	0.069139559	0.005227447	0.245	49.98410155	0.264524247	0.237915651	262.7836536
chaco	45_land_61	25	B_pun	0.19036838	0.065573824	0.005419355	0.250666667	50.73601125	0.266366372	0.235693242	258.4369016
chaco	45_land_61	30	R_ber	0.165103716	0.064952846	0.005836399	0.257142857	52.13004209	0.238286186	0.210465338	243.8444257
chaco	45_land_61	35	T_typ	0.154076325	0.061915087	0.005669382	0.270769231	52.45021109	0.239178502	0.21042271	241.8092928
chaco	45_land_61	40	P_pla	0.145324933	0.056933428	0.00526831	0.27	52.16884929	0.239099813	0.207638342	234.7077191
chaco	45_land_61	45	B_ran	0.140382233	0.047209636	0.005427565	0.287272727	52.75013758	0.236967953	0.206616469	231.4683544
chaco	45_land_61	50	L_pod	0.140098174	0.046354623	0.005564132	0.292	50.76566952	0.239525693	0.214094788	227.3298845
chaco	45_land_61	55	L_fus	0.134528135	0.040727859	0.005673183	0.311111111	50.97467058	0.239705599	0.217342451	225.2970512
chaco	45_land_61	60	P_bil	0.088929685	0.042642668	0.006343266	0.34	53.31551621	0.233894367	0.202410742	219.2998403
chaco	45_land_61	65	D_nan	0.070224926	0.04154003	0.006653868	0.337142857	51.72807333	0.209228024	0.211533334	204.6412613
chaco	45_land_61	70	P_alb	0.032170981	0.041545973	0.006116506	0.386666667	51.72924298	0.203572775	0.201697932	199.1713687
chaco	45_land_61	75	L_cha	0.0320464	0.036429662	0.006990725	0.4	45.72911751	0.224896583	0.305840929	92.86788034
chaco	85_land_41	0	0	0.2343768	0.04931843	0.004736432	0.2134615	44.0493	0.285038	0.2596836	302.7442
chaco	85_land_41	5	E_mat	0.2339133	0.048624097	0.004818577	0.222672065	45.31511863	0.280302437	0.254818946	299.9813859
chaco	85_land_41	10	S_con	0.22935639	0.046754429	0.004844679	0.226495726	45.89618569	0.275232722	0.254193831	295.875645
chaco	85_land_41	15	R_dip	0.226265649	0.068878267	0.004977843	0.24	49.29673569	0.262573542	0.236365431	266.6981337
chaco	85_land_41	20	P_mot	0.224965212	0.069139559	0.005227447	0.245	49.98410155	0.264524247	0.237915651	262.7836536
chaco	85_land_41	25	B_pun	0.19036838	0.065573824	0.005419355	0.250666667	50.73601125	0.266366372	0.235693242	258.4369016
chaco	85_land_41	30	P_pla	0.159484844	0.061165842	0.005016739	0.248571429	50.55177311	0.270110766	0.238792638	251.5312238
chaco	85_land_41	35	T_typ	0.155429672	0.057733574	0.005126598	0.261538462	50.65158423	0.270509754	0.240963934	249.5439716
chaco	85_land_41	40	R_ber	0.145324933	0.056933428	0.00526831	0.27	52.16884929	0.239099813	0.207638342	234.7077191
chaco	85_land_41	45	L_fus	0.14647422	0.056698912	0.005224663	0.283636364	52.62673047	0.239381741	0.2096881	233.0150733
chaco	85_land_41	50	B_ran	0.135121578	0.044090214	0.005381699	0.304	52.90576613	0.237190981	0.208088214	229.6740193
chaco	85_land_41	55	D_nan	0.114913591	0.039367045	0.005656652	0.297777778	52.40489545	0.213326524	0.216981494	214.4695599
chaco	85_land_41	60	P_bil	0.070296737	0.037347305	0.006570746	0.325	54.99403924	0.205970195	0.199923707	208.8173484
chaco	85_land_41	65	L_pod	0.070224926	0.04154003	0.006653868	0.337142857	51.72807333	0.209228024	0.211533334	204.6412613
chaco	85_land_41	70	P_alb	0.032170981	0.041545973	0.006116506	0.386666667	51.72924298	0.203572775	0.201697932	199.1713687
chaco	85_land_41	75	L_cha	0.0320464	0.036429662	0.006990725	0.4	45.72911751	0.224896583	0.305840929	92.86788034
chaco	85_land_61	0	0	0.2343768	0.04931843	0.004736432	0.2134615	44.0493	0.285038	0.2596836	302.7442
chaco	85_land_61	5	E_mat	0.2339133	0.048624097	0.004818577	0.222672065	45.31511863	0.280302437	0.254818946	299.9813859
chaco	85_land_61	10	S_con	0.22935639	0.046754429	0.004844679	0.226495726	45.89618569	0.275232722	0.254193831	295.875645
chaco	85_land_61	15	R_dip	0.226265649	0.068878267	0.004977843	0.24	49.29673569	0.262573542	0.236365431	266.6981337
chaco	85_land_61	20	B_pun	0.194538471	0.065062869	0.005164088	0.245	50.38691368	0.264406023	0.235632048	263.2790604
chaco	85_land_61	25	R_ber	0.193759379	0.06478602	0.005574952	0.250666667	51.42531166	0.237274288	0.209851687	248.6222093
chaco	85_land_61	30	P_mot	0.165103716	0.064952846	0.005836399	0.257142857	52.13004209	0.238286186	0.210465338	243.8444257
chaco	85_land_61	35	L_fus	0.164954074	0.066095901	0.005798967	0.267692308	52.54101902	0.23817068	0.211088019	242.3521656
chaco	85_land_61	40	P_pla	0.149348404	0.061640611	0.005122357	0.266666667	52.62584903	0.239099813	0.207940395	235.1836217
chaco	85_land_61	45	T_typ	0.14647422	0.056698912	0.005224663	0.283636364	52.62673047	0.239381741	0.2096881	233.0150733
chaco	85_land_61	50	L_pod	0.146589279	0.053345401	0.005511369	0.288	50.85745696	0.242085664	0.217940083	228.8737334
chaco	85_land_61	55	D_nan	0.130271742	0.046925186	0.005672568	0.28	49.71144307	0.218466749	0.230343381	213.4763727
chaco	85_land_61	60	P_bil	0.091726625	0.045187725	0.006346195	0.305	51.94525876	0.211030176	0.213140428	207.9731324
chaco	85_land_61	65	B_ran	0.070224926	0.04154003	0.006653868	0.337142857	51.72807333	0.209228024	0.211533334	204.6412613
chaco	85_land_61	70	P_alb	0.032170981	0.041545973	0.006116506	0.386666667	51.72924298	0.203572775	0.201697932	199.1713687
chaco	85_land_61	75	S_nas	0.004472042	0.029462189	0.006822068	0.448	50.33240281	0.202606833	0.201056328	191.9548373
cerrado	45_clim_41	0	0	0.2015737	0.0483203	0.004906738	0.2236842	20.955	0.3079148	0.3353672	118.6157
cerrado	45_clim_41	5	D_jim	0.189251912	0.048059743	0.005755054	0.224537037	21.31012086	0.306218282	0.338843188	116.6264083
cerrado	45_clim_41	11	P_dun	0.177754297	0.042962752	0.005831836	0.232843137	21.59341333	0.305265268	0.33675319	115.2584464
cerrado	45_clim_41	16	B_geo	0.175413283	0.042073689	0.005722476	0.258522727	24.49616227	0.296047677	0.325946593	112.6152003
cerrado	45_clim_41	21	L_lab	0.182482197	0.064321029	0.004723583	0.251515152	25.03607504	0.293091464	0.321767206	108.0997632
cerrado	45_clim_41	26	P_mot	0.162328176	0.06630627	0.0047614	0.262987013	25.15410314	0.295380204	0.320149391	105.8045392
cerrado	45_clim_41	32	B_pun	0.137109572	0.064912647	0.005388146	0.278388278	29.24953904	0.291547185	0.311716079	103.057182
cerrado	45_clim_41	37	P_azu	0.135780507	0.059855249	0.005080824	0.285714286	29.60381507	0.288385313	0.312997299	98.37480685
cerrado	45_clim_41	42	S_fut	0.135164548	0.059380481	0.005426591	0.277056277	29.54559068	0.299430267	0.341618869	91.48382079
cerrado	45_clim_41	47	P_pla	0.132739892	0.046356677	0.005613459	0.285714286	29.40918994	0.298099788	0.335925368	87.63889493
cerrado	45_clim_41	53	P_cuv	0.098859099	0.045544208	0.005930207	0.296296296	31.35911965	0.299314123	0.318871122	82.54061103
cerrado	45_clim_41	58	D_min	0.094567722	0.042158262	0.00555387	0.31547619	29.69612087	0.29431194	0.321040099	74.53552637
cerrado	45_clim_41	63	B_ran	0.084280412	0.036766632	0.006023591	0.315789474	31.09375	0.287873111	0.330965189	68.71127724
cerrado	45_clim_41	68	S_fus	0.066792643	0.034494545	0.006291801	0.342592593	32.88690476	0.272575099	0.310626313	64.55306968
cerrado	45_clim_41	74	B_alb	0.031072214	0.017068051	0.007388965	0.4	35.8974359	0.244731934	0.299068919	59.22127812
cerrado	45_clim_41	79	D_nan	NA	0.016437231	0.006329695	0.416666667	38.36805556	0.207405399	0.338429078	31.57498025
cerrado	45_clim_61	0	0	0.2015737	0.0483203	0.004906738	0.2236842	20.955	0.3079148	0.3353672	118.6157
cerrado	45_clim_61	5	D_jim	0.189251912	0.048059743	0.005755054	0.224537037	21.31012086	0.299897768	0.338843188	116.6264083
cerrado	45_clim_61	11	L_lab	0.198433972	0.065498941	0.004584194	0.218137255	21.37111405	0.29933794	0.334754691	112.199132
cerrado	45_clim_61	16	P_mot	0.188043696	0.067944281	0.004615134	0.2265625	21.44545199	0.298175712	0.333783139	109.9060165
cerrado	45_clim_61	21	B_geo	0.194390604	0.06714635	0.004811138	0.251515152	24.58468615	0.293897082	0.321953425	107.2281853
cerrado	45_clim_61	26	P_dun	0.162328176	0.06630627	0.0047614	0.262987013	25.15410314	0.290612197	0.320149391	105.8045392
cerrado	45_clim_61	32	B_pun	0.137109572	0.064912647	0.005388146	0.278388278	29.24953904	0.291998619	0.311716079	103.057182
cerrado	45_clim_61	37	S_fut	0.136267475	0.064883094	0.005613323	0.26984127	28.75365979	0.307563391	0.331327958	96.06639171
cerrado	45_clim_61	42	P_azu	0.135164548	0.059380481	0.005426591	0.277056277	29.54559068	0.308361659	0.341618869	91.48382079
cerrado	45_clim_61	47	P_cuv	0.098460302	0.057720292	0.005709294	0.285714286	31.59966613	0.299562276	0.323769913	86.57459457
cerrado	45_clim_61	53	D_min	0.095269936	0.049987868	0.0052533	0.301587302	30.62063727	0.292820456	0.321906144	78.48238881
cerrado	45_clim_61	58	P_pla	0.094567722	0.042158262	0.00555387	0.31547619	29.69612087	0.292208802	0.321040099	74.53552637
cerrado	45_clim_61	63	B_alb	0.086390512	0.040037622	0.006023591	0.342857143	31.48188042	0.291376934	0.32119085	69.43267229
cerrado	45_clim_61	68	B_ran	0.075341413	0.028019295	0.006378406	0.362745098	33.79690949	0.264834485	0.325055711	63.6262403
cerrado	45_clim_61	74	D_nan	0.071168197	0.024336873	0.007388965	0.357142857	29.92574257	0.25650981	0.402759578	35.35559312
cerrado	45_clim_61	79	S_fus	NA	0.016437231	0.006329695	0.416666667	38.36805556	0.207405399	0.338429078	31.57498025
cerrado	85_clim_41	0	0	0.2015737	0.0483203	0.004906738	0.2236842	20.955	0.3079148	0.3353672	118.6157
cerrado	85_clim_41	5	D_jim	0.189251912	0.048059743	0.005755054	0.224537037	21.31012086	0.302573351	0.338843188	116.6264083
cerrado	85_clim_41	11	L_lab	0.198433972	0.065498941	0.004584194	0.218137255	21.37111405	0.298840806	0.334754691	112.199132
cerrado	85_clim_41	16	P_mot	0.188043696	0.067944281	0.004615134	0.2265625	21.44545199	0.294185488	0.333783139	109.9060165
cerrado	85_clim_41	21	B_geo	0.194390604	0.06714635	0.004811138	0.251515152	24.58468615	0.293752127	0.321953425	107.2281853
cerrado	85_clim_41	26	B_pun	0.142169528	0.066059659	0.005890833	0.265306122	28.60800698	0.292318861	0.313983094	104.5855402
cerrado	85_clim_41	32	S_fut	0.142898636	0.065580562	0.006166518	0.256410256	27.70440015	0.302634934	0.334289562	97.52827573
cerrado	85_clim_41	37	P_dun	0.136267475	0.064883094	0.005613323	0.26984127	28.75365979	0.299979489	0.331327958	96.06639171
cerrado	85_clim_41	42	P_azu	0.135164548	0.059380481	0.005426591	0.277056277	29.54559068	0.297871141	0.341618869	91.48382079
cerrado	85_clim_41	47	P_cuv	0.098460302	0.057720292	0.005709294	0.285714286	31.59966613	0.299562276	0.323769913	86.57459457
cerrado	85_clim_41	53	P_pla	0.098859099	0.045544208	0.005930207	0.296296296	31.35911965	0.299314123	0.318871122	82.54061103
cerrado	85_clim_41	58	D_min	0.094567722	0.042158262	0.00555387	0.31547619	29.69612087	0.29431194	0.321040099	74.53552637
cerrado	85_clim_41	63	B_alb	0.086390512	0.040037622	0.006023591	0.342857143	31.48188042	0.291376934	0.32119085	69.43267229
cerrado	85_clim_41	68	D_nan	0.08164414	0.03785506	0.006291801	0.333333333	27.42890212	0.305819789	0.383293433	40.75425905
cerrado	85_clim_41	74	B_ran	0.071168197	0.024336873	0.007388965	0.357142857	29.92574257	0.25650981	0.402759578	35.35559312
cerrado	85_clim_41	79	S_fus	NA	0.016437231	0.006329695	0.416666667	38.36805556	0.207405399	0.338429078	31.57498025
cerrado	85_clim_61	0	0	0.2015737	0.0483203	0.004906738	0.2236842	20.955	0.3079148	0.3353672	118.6157
cerrado	85_clim_61	5	D_jim	0.189251912	0.048059743	0.005755054	0.224537037	21.31012086	0.298733365	0.338843188	116.6264083
cerrado	85_clim_61	11	L_lab	0.198433972	0.065498941	0.004584194	0.218137255	21.37111405	0.302234198	0.334754691	112.199132
cerrado	85_clim_61	16	B_alb	0.189213463	0.065184992	0.00593676	0.22826087	21.79672056	0.306380467	0.338979909	106.9153137
cerrado	85_clim_61	21	P_cuv	0.188819792	0.064560442	0.004075151	0.231884058	22.18624795	0.30499133	0.330099412	102.1293078
cerrado	85_clim_61	26	S_fut	0.189405343	0.064226754	0.005358213	0.223602484	22.29252659	0.301407566	0.350454418	95.00776383
cerrado	85_clim_61	32	P_dun	0.169132588	0.064746723	0.004432125	0.234113712	22.65950397	0.303414428	0.341194606	93.50219557
cerrado	85_clim_61	37	B_geo	0.135510834	0.064026642	0.004700451	0.261904762	26.90324571	0.297568084	0.324886502	90.65338685
cerrado	85_clim_61	42	B_pun	0.132096116	0.063354865	0.004874603	0.277272727	31.80490032	0.29192215	0.31653802	87.80127161
cerrado	85_clim_61	47	P_azu	0.123135628	0.055486701	0.005367828	0.285	33.12993153	0.286829644	0.327303196	83.46807202
cerrado	85_clim_61	53	D_min	0.12158156	0.046764329	0.005052881	0.3	32.54871726	0.289931878	0.326132037	75.52336645
cerrado	85_clim_61	58	P_mot	0.092818265	0.047661075	0.006022743	0.325	32.67282921	0.291599399	0.322231485	73.31522308
cerrado	85_clim_61	63	S_fus	0.080067423	0.045212013	0.006023591	0.335714286	32.70620901	0.277671146	0.318732106	69.22709716
cerrado	85_clim_61	68	P_pla	0.049790633	0.036974505	0.006291801	0.358333333	31.7122444	0.274519477	0.318443154	65.5000623
cerrado	85_clim_61	74	D_nan	0.039113988	0.032413591	0.007388965	0.344444444	26.18438991	0.286085135	0.394710312	37.23591753
cerrado	85_clim_61	79	L_pod	NA	0.024686364	0.008246451	0.359375	22.79541446	0.309630088	0.523702811	22.28917821
cerrado	45_land_41	0	0	0.2015737	0.0483203	0.004906738	0.2236842	20.955	0.3079148	0.3353672	118.6157
cerrado	45_land_41	5	P_azu	0.196157467	0.044069111	0.005318293	0.226851852	21.23649078	0.306424655	0.334896721	114.3635546
cerrado	45_land_41	11	B_geo	0.18557154	0.043643805	0.005485722	0.251336898	24.1436848	0.302696324	0.324305696	111.801442
cerrado	45_land_41	16	P_mot	0.186892139	0.043676651	0.005598498	0.261363636	24.11256439	0.300547522	0.320966521	109.4487101
cerrado	45_land_41	21	D_jim	0.160473184	0.043711058	0.00551686	0.263636364	24.45122999	0.303185801	0.323090595	107.3980663
cerrado	45_land_41	26	B_pun	0.157187607	0.044122937	0.0068832	0.266233766	26.48691888	0.301479396	0.319243681	104.6425145
cerrado	45_land_41	32	P_dun	0.15841518	0.042446913	0.005229553	0.27972028	26.95850087	0.299864981	0.31688614	103.0928592
cerrado	45_land_41	37	P_cuv	0.14683014	0.041144639	0.005551933	0.287878788	26.61675679	0.300509186	0.311233578	97.87768
cerrado	45_land_41	42	L_lab	0.098275732	0.058002585	0.005332975	0.294372294	29.97011898	0.292649105	0.301748651	93.38623708
cerrado	45_land_41	47	D_min	0.095888498	0.054437974	0.005271832	0.30952381	28.63608069	0.280689685	0.301817555	82.42174618
cerrado	45_land_41	53	P_pla	0.095358393	0.042985487	0.005482258	0.322751323	28.23581342	0.282129543	0.295337809	78.79775518
cerrado	45_land_41	58	S_fut	0.094567722	0.042158262	0.00555387	0.31547619	29.69612087	0.292208802	0.321040099	74.53552637
cerrado	45_land_41	63	S_fus	0.088772033	0.039361197	0.007124975	0.326530612	29.65805239	0.284830155	0.31807079	70.70181561
cerrado	45_land_41	68	B_ran	0.066792643	0.034494545	0.006291801	0.342592593	32.88690476	0.272575099	0.310626313	64.55306968
cerrado	45_land_41	74	L_pod	0.063903907	0.028834043	0.007044276	0.341176471	28.94977169	0.315289098	0.424190198	56.03624678
cerrado	45_land_41	79	D_nan	0.055707636	0.02432272	0.008246451	0.354166667	24.30555556	0.380473747	0.585510302	21.9191219
cerrado	45_land_61	0	0	0.2015737	0.0483203	0.004906738	0.2236842	20.955	0.3079148	0.3353672	118.6157
cerrado	45_land_61	5	P_azu	0.196157467	0.044069111	0.005318293	0.226851852	21.23649078	0.307095044	0.334896721	114.3635546
cerrado	45_land_61	11	B_geo	0.18557154	0.043643805	0.005485722	0.251336898	24.1436848	0.300111599	0.324305696	111.801442
cerrado	45_land_61	16	P_mot	0.186892139	0.043676651	0.005598498	0.261363636	24.11256439	0.300635149	0.320966521	109.4487101
cerrado	45_land_61	21	D_jim	0.160473184	0.043711058	0.00551686	0.263636364	24.45122999	0.297390154	0.323090595	107.3980663
cerrado	45_land_61	26	B_pun	0.157187607	0.044122937	0.0068832	0.266233766	26.48691888	0.30182853	0.319243681	104.6425145
cerrado	45_land_61	32	L_lab	0.136345456	0.058273943	0.006573963	0.271062271	29.30451589	0.293493232	0.316993315	100.0310274
cerrado	45_land_61	37	P_cuv	0.105721032	0.059314866	0.005592243	0.277777778	29.66420154	0.292374764	0.308068633	95.11808265
cerrado	45_land_61	42	D_min	0.101916408	0.055587304	0.005615507	0.29004329	28.4629312	0.282254134	0.308586621	83.71734511
cerrado	45_land_61	47	P_dun	0.095888498	0.054437974	0.005271832	0.30952381	28.63608069	0.286930233	0.301817555	82.42174618
cerrado	45_land_61	53	S_fut	0.095269936	0.049987868	0.0052533	0.301587302	30.62063727	0.292820456	0.321906144	78.48238881
cerrado	45_land_61	58	P_pla	0.094567722	0.042158262	0.00555387	0.31547619	29.69612087	0.292208802	0.321040099	74.53552637
cerrado	45_land_61	63	S_fus	0.088772033	0.039361197	0.007124975	0.326530612	29.65805239	0.284830155	0.31807079	70.70181561
cerrado	45_land_61	68	B_alb	0.049790633	0.036974505	0.006291801	0.358333333	31.7122444	0.274519477	0.318443154	65.5000623
cerrado	45_land_61	74	B_ran	0.031072214	0.017068051	0.007388965	0.4	35.8974359	0.244731934	0.299068919	59.22127812
cerrado	45_land_61	79	L_pod	0.027757808	0.009385673	0.008246451	0.4	29.12912913	0.262467871	0.449134209	51.34693155
cerrado	85_land_41	0	0	0.2015737	0.0483203	0.004906738	0.2236842	20.955	0.3079148	0.3353672	118.6157
cerrado	85_land_41	5	P_azu	0.196157467	0.044069111	0.005318293	0.226851852	21.23649078	0.300181532	0.334896721	114.3635546
cerrado	85_land_41	11	B_geo	0.18557154	0.043643805	0.005485722	0.251336898	24.1436848	0.301570022	0.324305696	111.801442
cerrado	85_land_41	16	D_jim	0.175043606	0.04363834	0.005402456	0.252840909	24.65670132	0.302796031	0.327691104	109.7229045
cerrado	85_land_41	21	P_mot	0.160473184	0.043711058	0.00551686	0.263636364	24.45122999	0.302090594	0.323090595	107.3980663
cerrado	85_land_41	26	B_pun	0.157187607	0.044122937	0.0068832	0.266233766	26.48691888	0.296125158	0.319243681	104.6425145
cerrado	85_land_41	32	L_lab	0.136345456	0.058273943	0.006573963	0.271062271	29.30451589	0.288089468	0.316993315	100.0310274
cerrado	85_land_41	37	P_cuv	0.105721032	0.059314866	0.005592243	0.277777778	29.66420154	0.288981606	0.308068633	95.11808265
cerrado	85_land_41	42	D_min	0.101916408	0.055587304	0.005615507	0.29004329	28.4629312	0.284978226	0.308586621	83.71734511
cerrado	85_land_41	47	P_pla	0.093343078	0.050431196	0.0062205	0.3	28.15428798	0.281722013	0.302911444	80.37628091
cerrado	85_land_41	53	S_fut	0.095607315	0.049348886	0.007293739	0.291005291	28.86589472	0.287260469	0.326279798	76.56312191
cerrado	85_land_41	58	P_dun	0.094567722	0.042158262	0.00555387	0.31547619	29.69612087	0.29431194	0.321040099	74.53552637
cerrado	85_land_41	63	S_fus	0.088772033	0.039361197	0.007124975	0.326530612	29.65805239	0.284830155	0.31807079	70.70181561
cerrado	85_land_41	68	B_alb	0.049790633	0.036974505	0.006291801	0.358333333	31.7122444	0.274519477	0.318443154	65.5000623
cerrado	85_land_41	74	B_ran	0.031072214	0.017068051	0.007388965	0.4	35.8974359	0.244731934	0.299068919	59.22127812
cerrado	85_land_41	79	D_nan	NA	0.016437231	0.006329695	0.416666667	38.36805556	0.207405399	0.338429078	31.57498025
cerrado	85_land_61	0	0	0.2015737	0.0483203	0.004906738	0.2236842	20.955	0.3079148	0.3353672	118.6157
cerrado	85_land_61	5	P_azu	0.196157467	0.044069111	0.005318293	0.226851852	21.23649078	0.306953362	0.334896721	114.3635546
cerrado	85_land_61	11	D_jim	0.183963041	0.044202354	0.005091527	0.227941176	21.62933951	0.300364475	0.337339457	112.3793973
cerrado	85_land_61	16	B_geo	0.175043606	0.04363834	0.005402456	0.252840909	24.65670132	0.301517125	0.327691104	109.7229045
cerrado	85_land_61	21	L_lab	0.183254658	0.058926865	0.005622023	0.245454545	25.0472948	0.293501915	0.325490155	105.1783426
cerrado	85_land_61	26	P_cuv	0.18335743	0.059553479	0.005059569	0.25	25.19538777	0.298551572	0.317994288	100.3983218
cerrado	85_land_61	32	B_pun	0.161303108	0.059116955	0.005281662	0.263736264	29.2817811	0.291371017	0.311073985	97.52741428
cerrado	85_land_61	37	B_alb	0.140076549	0.057068286	0.00608503	0.279166667	31.07583931	0.294465226	0.304501392	92.12941064
cerrado	85_land_61	42	S_fut	0.129391622	0.056973261	0.006284026	0.268181818	32.06340372	0.287554422	0.332288146	85.27153515
cerrado	85_land_61	47	P_dun	0.123135628	0.055486701	0.005367828	0.285	33.12993153	0.29347098	0.327303196	83.46807202
cerrado	85_land_61	53	D_min	0.12158156	0.046764329	0.005052881	0.3	32.54871726	0.287882904	0.326132037	75.52336645
cerrado	85_land_61	58	P_mot	0.092818265	0.047661075	0.006022743	0.325	32.67282921	0.291599399	0.322231485	73.31522308
cerrado	85_land_61	63	S_fus	0.080067423	0.045212013	0.006023591	0.335714286	32.70620901	0.277671146	0.318732106	69.22709716
cerrado	85_land_61	68	P_pla	0.049790633	0.036974505	0.006291801	0.358333333	31.7122444	0.274519477	0.318443154	65.5000623
cerrado	85_land_61	74	L_pod	0.045277533	0.03105584	0.007044276	0.368421053	28.55070037	0.315931204	0.415877287	57.11541756
cerrado	85_land_61	79	D_nan	0.033427175	0.024686364	0.008246451	0.359375	22.79541446	0.309630088	0.523702811	22.28917821
pantanal	45_clim_41	0	0	0.183471	0.063728	0.006468612	0.2136054	37.46617	0.2949837	0.2619188	686.04
pantanal	45_clim_41	5	E_mat	0.171318578	0.064530409	0.004656706	0.208571429	38.19060257	0.290933675	0.255242475	674.1853366
pantanal	45_clim_41	10	S_con	0.126330819	0.060463055	0.004572728	0.216541353	39.03199988	0.290950491	0.252702325	669.8686169
pantanal	45_clim_41	14	B_pun	0.123548649	0.058719664	0.005802744	0.225396825	39.06739706	0.290004909	0.252203971	665.6634187
pantanal	45_clim_41	19	P_azu	0.121688585	0.061234658	0.004689293	0.230252101	39.45093154	0.289970669	0.252086735	663.4065782
pantanal	45_clim_41	24	P_pla	0.121689614	0.062256707	0.005303189	0.235714286	40.18880362	0.286527759	0.249813553	656.8842333
pantanal	45_clim_41	29	R_ber	0.11795434	0.061393408	0.004988195	0.245714286	40.24529696	0.286374923	0.24887403	652.2995836
pantanal	45_clim_41	33	L_lat	0.117546759	0.052252124	0.00492292	0.255102041	40.21978689	0.286651067	0.250968815	648.4765461
pantanal	45_clim_41	38	D_min	0.109250601	0.05035104	0.005205892	0.265934066	39.99349524	0.284068197	0.254963971	641.3923109
pantanal	45_clim_41	43	T_typ	0.110673658	0.045754596	0.006988674	0.276190476	41.44306966	0.28450082	0.254521436	637.1879247
pantanal	45_clim_41	48	B_ran	0.087457482	0.044281487	0.006022134	0.285714286	41.81089744	0.286378225	0.253416472	629.245413
pantanal	45_clim_41	52	S_fus	0.072577297	0.042051114	0.005735066	0.305714286	42.44249132	0.285171247	0.248460216	621.0721261
pantanal	45_clim_41	57	D_nan	0.06348844	0.043171282	0.005882888	0.297385621	43.86535854	0.269968111	0.276352153	567.5782123
pantanal	45_clim_41	62	R_dip	0.057210003	0.040065424	0.005387983	0.316176471	44.03630043	0.268497926	0.271001367	553.831359
pantanal	45_clim_41	67	L_pod	0.057248164	0.040472943	0.005308166	0.320197044	39.29240549	0.281914689	0.353237245	520.1176258
pantanal	45_clim_41	71	L_fus	0.044641685	0.031828455	0.006367062	0.350574713	40.44225766	0.281666585	0.352295895	513.5686346
pantanal	45_clim_41	76	P_alb	0.030388536	0.027940607	0.005727919	0.392857143	43.02282769	0.280208385	0.354703683	504.6454338
pantanal	45_clim_41	81	S_nas	0.174232473	0.022523658	0.006672419	0.428571429	44.35763889	0.27834466	0.358361636	490.2690422
pantanal	45_clim_61	0	0	0.183471	0.063728	0.006468612	0.2136054	37.46617	0.2949837	0.2619188	686.04
pantanal	45_clim_61	5	E_mat	0.171318578	0.064530409	0.004656706	0.208571429	38.19060257	0.290933675	0.255242475	674.1853366
pantanal	45_clim_61	10	S_con	0.126330819	0.060463055	0.004572728	0.216541353	39.03199988	0.290950491	0.252702325	669.8686169
pantanal	45_clim_61	14	B_pun	0.123548649	0.058719664	0.005802744	0.225396825	39.06739706	0.290004909	0.252203971	665.6634187
pantanal	45_clim_61	19	R_ber	0.118913886	0.057590236	0.005068713	0.233613445	39.2172334	0.289856409	0.251091626	661.3591878
pantanal	45_clim_61	24	P_azu	0.11709416	0.060316564	0.004396658	0.239285714	39.56146127	0.289793527	0.251499493	658.9614777
pantanal	45_clim_61	29	L_lat	0.116442146	0.051468918	0.004338499	0.247619048	39.44268053	0.290056077	0.252755718	655.292392
pantanal	45_clim_61	33	D_min	0.107448686	0.050501527	0.0049908	0.257142857	39.22853325	0.287738006	0.255860337	649.4664176
pantanal	45_clim_61	38	T_typ	0.106957766	0.045210421	0.005008623	0.265934066	39.88819151	0.288123747	0.256013589	645.6480463
pantanal	45_clim_61	43	P_pla	0.110673658	0.045754596	0.006988674	0.276190476	41.44306966	0.28450082	0.254521436	637.1879247
pantanal	45_clim_61	48	B_ran	0.087457482	0.044281487	0.006022134	0.285714286	41.81089744	0.286378225	0.253416472	629.245413
pantanal	45_clim_61	52	D_nan	0.088942649	0.045297839	0.006126759	0.276470588	43.28166745	0.271415865	0.282070674	574.8425927
pantanal	45_clim_61	57	S_fus	0.06348844	0.043171282	0.005882888	0.297385621	43.86535854	0.270021901	0.276352153	567.5782123
pantanal	45_clim_61	62	R_dip	0.057210003	0.040065424	0.005387983	0.316176471	44.03630043	0.268982344	0.271001367	553.831359
pantanal	45_clim_61	67	L_pod	0.057248164	0.040472943	0.005308166	0.320197044	39.29240549	0.282474827	0.353237245	520.1176258
pantanal	45_clim_61	71	L_fus	0.044641685	0.031828455	0.006367062	0.350574713	40.44225766	0.281666585	0.352295895	513.5686346
pantanal	45_clim_61	76	P_alb	0.030388536	0.027940607	0.005727919	0.392857143	43.02282769	0.280208385	0.354703683	504.6454338
pantanal	45_clim_61	81	S_nas	NA	0.022523658	0.006672419	0.428571429	44.35763889	0.27834466	0.358361636	490.2690422
pantanal	85_clim_41	0	0	0.183471	0.063728	0.006468612	0.2136054	37.46617	0.2949837	0.2619188	686.04
pantanal	85_clim_41	5	S_con	0.142281425	0.06023815	0.006395363	0.221428571	38.32093225	0.294750351	0.259972947	681.8318534
pantanal	85_clim_41	10	E_mat	0.126330819	0.060463055	0.004572728	0.216541353	39.03199988	0.290950491	0.252702325	669.8686169
pantanal	85_clim_41	14	B_pun	0.123548649	0.058719664	0.005802744	0.225396825	39.06739706	0.290004909	0.252203971	665.6634187
pantanal	85_clim_41	19	P_azu	0.121688585	0.061234658	0.004689293	0.230252101	39.45093154	0.289970669	0.252086735	663.4065782
pantanal	85_clim_41	24	R_ber	0.11709416	0.060316564	0.004396658	0.239285714	39.56146127	0.289793527	0.251499493	658.9614777
pantanal	85_clim_41	29	P_pla	0.11795434	0.061393408	0.004988195	0.245714286	40.24529696	0.286374923	0.24887403	652.2995836
pantanal	85_clim_41	33	L_lat	0.117546759	0.052252124	0.00492292	0.255102041	40.21978689	0.286651067	0.250968815	648.4765461
pantanal	85_clim_41	38	D_min	0.109250601	0.05035104	0.005205892	0.265934066	39.99349524	0.284068197	0.254963971	641.3923109
pantanal	85_clim_41	43	T_typ	0.110673658	0.045754596	0.006988674	0.276190476	41.44306966	0.28450082	0.254521436	637.1879247
pantanal	85_clim_41	48	D_nan	0.087457482	0.044281487	0.006022134	0.285714286	41.81089744	0.286378225	0.253416472	629.245413
pantanal	85_clim_41	52	B_ran	0.088942649	0.045297839	0.006126759	0.276470588	43.28166745	0.272296863	0.282070674	574.8425927
pantanal	85_clim_41	57	S_fus	0.06348844	0.043171282	0.005882888	0.297385621	43.86535854	0.269538591	0.276352153	567.5782123
pantanal	85_clim_41	62	R_dip	0.057210003	0.040065424	0.005387983	0.316176471	44.03630043	0.268497926	0.271001367	553.831359
pantanal	85_clim_41	67	L_fus	0.04481072	0.034083046	0.00555336	0.344537815	44.86458845	0.268901741	0.269141468	547.211521
pantanal	85_clim_41	71	L_pod	0.044641685	0.031828455	0.006367062	0.350574713	40.44225766	0.281666585	0.352295895	513.5686346
pantanal	85_clim_41	76	A_dyp	0.028336183	0.030966198	0.006046045	0.4	40.74189985	0.281864994	0.359519999	504.9544492
pantanal	85_clim_41	81	P_alb	NA	0.009381069	0.005520371	0.462962963	43.5560891	0.281149739	0.362525028	492.2043406
pantanal	85_clim_61	0	0	0.183471	0.063728	0.006468612	0.2136054	37.46617	0.2949837	0.2619188	686.04
pantanal	85_clim_61	5	S_con	0.142281425	0.06023815	0.006395363	0.221428571	38.32093225	0.295167429	0.259972947	681.8318534
pantanal	85_clim_61	10	E_mat	0.126330819	0.060463055	0.004572728	0.216541353	39.03199988	0.290950491	0.252702325	669.8686169
pantanal	85_clim_61	14	R_ber	0.121788841	0.059424974	0.004708867	0.223809524	39.19663058	0.290795688	0.251503185	665.5001604
pantanal	85_clim_61	19	B_pun	0.118913886	0.057590236	0.005068713	0.233613445	39.2172334	0.289856409	0.251091626	661.3591878
pantanal	85_clim_61	24	L_lat	0.118568511	0.048363282	0.004804813	0.241071429	39.17462083	0.290140027	0.252627558	657.8938638
pantanal	85_clim_61	29	P_azu	0.116442146	0.051468918	0.004338499	0.247619048	39.44268053	0.290056077	0.252755718	655.292392
pantanal	85_clim_61	33	D_min	0.107448686	0.050501527	0.0049908	0.257142857	39.22853325	0.287738006	0.255860337	649.4664176
pantanal	85_clim_61	38	A_dyp	0.10132248	0.050398538	0.005086544	0.265934066	38.78197438	0.28934166	0.257872567	642.5704917
pantanal	85_clim_61	43	L_fus	0.104020337	0.051553208	0.005351154	0.278571429	39.42208174	0.289233054	0.256772405	637.6649964
pantanal	85_clim_61	48	S_fus	0.087785958	0.052375965	0.005735046	0.296103896	39.99307082	0.288725257	0.252336086	630.7162897
pantanal	85_clim_61	52	T_typ	0.087095356	0.043732461	0.006618378	0.311428571	40.53338914	0.289068185	0.25259082	625.0096703
pantanal	85_clim_61	57	P_pla	0.063080724	0.043285551	0.00601814	0.33015873	41.92259075	0.285199592	0.249954434	615.0974165
pantanal	85_clim_61	62	D_nan	0.058487587	0.043283704	0.006130544	0.333333333	45.2509421	0.267427579	0.277686365	563.0941862
pantanal	85_clim_61	67	L_pod	0.056267331	0.04643562	0.006921456	0.341836735	39.87349326	0.287013813	0.361311963	529.6886491
pantanal	85_clim_61	71	R_dip	0.044684977	0.038476972	0.006402315	0.369047619	39.94789773	0.282275491	0.35562955	514.8232357
pantanal	85_clim_61	76	B_ran	0.028336183	0.030966198	0.006046045	0.4	40.74189985	0.281864994	0.359519999	504.9544492
pantanal	85_clim_61	81	P_alb	NA	0.009381069	0.005520371	0.462962963	43.5560891	0.281149739	0.362525028	492.2043406
pantanal	45_land_41	0	0	0.183471	0.063728	0.006468612	0.2136054	37.46617	0.2949837	0.2619188	686.04
pantanal	45_land_41	5	E_mat	0.171318578	0.064530409	0.004656706	0.208571429	38.19060257	0.29081172	0.255242475	674.1853366
pantanal	45_land_41	10	S_con	0.126330819	0.060463055	0.004572728	0.216541353	39.03199988	0.290950491	0.252702325	669.8686169
pantanal	45_land_41	14	P_azu	0.122620912	0.062513275	0.004738546	0.220634921	39.45981102	0.290894539	0.252511508	667.8217904
pantanal	45_land_41	19	R_dip	0.116813754	0.059349397	0.004639742	0.225210084	39.76888877	0.289502464	0.247159146	654.5527747
pantanal	45_land_41	24	A_dyp	0.111922906	0.058046225	0.004787327	0.230357143	39.71150431	0.292213434	0.247918502	648.6810286
pantanal	45_land_41	29	B_pun	0.111296718	0.057712435	0.004522611	0.241904762	39.70424001	0.291769192	0.24742421	644.1545985
pantanal	45_land_41	33	D_min	0.101648684	0.053373713	0.005138704	0.251020408	39.08726741	0.289520097	0.2510612	638.4476789
pantanal	45_land_41	38	P_pla	0.095103867	0.045817988	0.005429315	0.259340659	39.79614388	0.286050631	0.24907105	630.6151672
pantanal	45_land_41	43	S_fus	0.082236258	0.044750137	0.006312647	0.273809524	40.51842447	0.284633669	0.244022501	623.9725435
pantanal	45_land_41	48	T_typ	0.083217128	0.038227708	0.006253569	0.285714286	42.00045788	0.285691512	0.243538057	619.2350672
pantanal	45_land_41	52	L_lat	0.083426781	0.043462908	0.005754835	0.302857143	41.71735491	0.28542081	0.245467814	613.9243081
pantanal	45_land_41	57	R_ber	0.070425256	0.040748687	0.005337599	0.326984127	41.61148215	0.284986929	0.244424326	606.5965511
pantanal	45_land_41	62	B_ran	0.049346223	0.032789909	0.005372384	0.346428571	41.78084155	0.28546712	0.242896435	596.8323304
pantanal	45_land_41	67	L_pod	0.048921124	0.033169345	0.005392165	0.339285714	38.12759049	0.292900673	0.291003556	559.0691852
pantanal	45_land_41	71	D_nan	0.045380549	0.029934289	0.005245136	0.357142857	39.29056101	0.282692131	0.360588943	513.0106643
pantanal	45_land_41	76	L_fus	0.028336183	0.030966198	0.006046045	0.4	40.74189985	0.281864994	0.359519999	504.9544492
pantanal	45_land_41	81	P_alb	NA	0.009381069	0.005520371	0.462962963	43.5560891	0.281149739	0.362525028	492.2043406
pantanal	45_land_61	0	0	0.183471	0.063728	0.006468612	0.2136054	37.46617	0.2949837	0.2619188	686.04
pantanal	45_land_61	5	E_mat	0.171318578	0.064530409	0.004656706	0.208571429	38.19060257	0.290933675	0.255242475	674.1853366
pantanal	45_land_61	10	S_con	0.126330819	0.060463055	0.004572728	0.216541353	39.03199988	0.290950491	0.252702325	669.8686169
pantanal	45_land_61	14	P_azu	0.122620912	0.062513275	0.004738546	0.220634921	39.45981102	0.290894539	0.252511508	667.8217904
pantanal	45_land_61	19	R_dip	0.116813754	0.059349397	0.004639742	0.225210084	39.76888877	0.289502464	0.247159146	654.5527747
pantanal	45_land_61	24	A_dyp	0.111922906	0.058046225	0.004787327	0.230357143	39.71150431	0.292594628	0.247918502	648.6810286
pantanal	45_land_61	29	B_pun	0.111296718	0.057712435	0.004522611	0.241904762	39.70424001	0.291769192	0.24742421	644.1545985
pantanal	45_land_61	33	D_min	0.101648684	0.053373713	0.005138704	0.251020408	39.08726741	0.289520097	0.2510612	638.4476789
pantanal	45_land_61	38	R_ber	0.097449577	0.053040511	0.005820589	0.263736264	39.17154725	0.286949309	0.250106166	633.0914609
pantanal	45_land_61	43	T_typ	0.096851372	0.042077072	0.005684715	0.273809524	39.71174627	0.287365101	0.249780328	628.7839338
pantanal	45_land_61	48	P_pla	0.100494693	0.03839065	0.005758399	0.285714286	41.15644078	0.2862029	0.247257921	620.4326449
pantanal	45_land_61	52	L_lat	0.094156695	0.040795544	0.005341095	0.302857143	40.9109933	0.286756693	0.249547229	614.8651926
pantanal	45_land_61	57	S_fus	0.070425256	0.040748687	0.005337599	0.326984127	41.61148215	0.285154531	0.244424326	606.5965511
pantanal	45_land_61	62	B_ran	0.049346223	0.032789909	0.005372384	0.346428571	41.78084155	0.28551658	0.242896435	596.8323304
pantanal	45_land_61	67	L_pod	0.048921124	0.033169345	0.005392165	0.339285714	38.12759049	0.293346115	0.291003556	559.0691852
pantanal	45_land_61	71	L_fus	0.028669068	0.035404206	0.006233372	0.375	39.16235672	0.29246366	0.289398696	547.8917476
pantanal	45_land_61	76	D_nan	0.028336183	0.030966198	0.006046045	0.4	40.74189985	0.281864994	0.359519999	504.9544492
pantanal	45_land_61	81	P_alb	NA	0.009381069	0.005520371	0.462962963	43.5560891	0.281149739	0.362525028	492.2043406
pantanal	85_land_41	0	0	0.183471	0.063728	0.006468612	0.2136054	37.46617	0.2949837	0.2619188	686.04
pantanal	85_land_41	5	E_mat	0.171318578	0.064530409	0.004656706	0.208571429	38.19060257	0.290989834	0.255242475	674.1853366
pantanal	85_land_41	10	S_con	0.126330819	0.060463055	0.004572728	0.216541353	39.03199988	0.290950491	0.252702325	669.8686169
pantanal	85_land_41	14	A_dyp	0.120457178	0.060298864	0.004599769	0.220634921	39.0094648	0.292441162	0.253892506	664.3212414
pantanal	85_land_41	19	P_azu	0.118173307	0.062541867	0.004814481	0.225210084	39.44897727	0.292996248	0.254345214	662.1166798
pantanal	85_land_41	24	R_dip	0.111922906	0.058046225	0.004787327	0.230357143	39.71150431	0.291855158	0.247918502	648.6810286
pantanal	85_land_41	29	B_pun	0.111296718	0.057712435	0.004522611	0.241904762	39.70424001	0.291769192	0.24742421	644.1545985
pantanal	85_land_41	33	D_min	0.101648684	0.053373713	0.005138704	0.251020408	39.08726741	0.289520097	0.2510612	638.4476789
pantanal	85_land_41	38	P_pla	0.095103867	0.045817988	0.005429315	0.259340659	39.79614388	0.286050631	0.24907105	630.6151672
pantanal	85_land_41	43	T_typ	0.094526065	0.038717279	0.006856143	0.269047619	41.22040319	0.286370743	0.248555816	626.3946836
pantanal	85_land_41	48	R_ber	0.100494693	0.03839065	0.005758399	0.285714286	41.15644078	0.28644065	0.247257921	620.4326449
pantanal	85_land_41	52	L_lat	0.094156695	0.040795544	0.005341095	0.302857143	40.9109933	0.286756693	0.249547229	614.8651926
pantanal	85_land_41	57	S_fus	0.070425256	0.040748687	0.005337599	0.326984127	41.61148215	0.285154531	0.244424326	606.5965511
pantanal	85_land_41	62	L_fus	0.052540484	0.039680785	0.00555514	0.353571429	41.96466789	0.285141917	0.243047505	598.4059677
pantanal	85_land_41	67	B_ran	0.028871028	0.033281149	0.005584103	0.379591837	42.21503942	0.285371311	0.241254054	586.9583835
pantanal	85_land_41	71	D_nan	0.028354225	0.030127357	0.005427913	0.388888889	45.89844778	0.256043384	0.27069476	538.6409861
pantanal	85_land_41	76	L_pod	0.028336183	0.030966198	0.006046045	0.4	40.74189985	0.281864994	0.359519999	504.9544492
pantanal	85_land_41	81	P_alb	NA	0.009381069	0.005520371	0.462962963	43.5560891	0.281149739	0.362525028	492.2043406
pantanal	85_land_61	0	0	0.183471	0.063728	0.006468612	0.2136054	37.46617	0.2949837	0.2619188	686.04
pantanal	85_land_61	5	E_mat	0.171318578	0.064530409	0.004656706	0.208571429	38.19060257	0.290582089	0.255242475	674.1853366
pantanal	85_land_61	10	S_con	0.126330819	0.060463055	0.004572728	0.216541353	39.03199988	0.290950491	0.252702325	669.8686169
pantanal	85_land_61	14	A_dyp	0.120457178	0.060298864	0.004599769	0.220634921	39.0094648	0.292590216	0.253892506	664.3212414
pantanal	85_land_61	19	P_azu	0.118173307	0.062541867	0.004814481	0.225210084	39.44897727	0.292793432	0.254345214	662.1166798
pantanal	85_land_61	24	R_dip	0.111922906	0.058046225	0.004787327	0.230357143	39.71150431	0.292283511	0.247918502	648.6810286
pantanal	85_land_61	29	B_pun	0.111296718	0.057712435	0.004522611	0.241904762	39.70424001	0.291769192	0.24742421	644.1545985
pantanal	85_land_61	33	R_ber	0.103330958	0.056984404	0.005103022	0.253061224	39.85691726	0.28985553	0.2463411	639.0071914
pantanal	85_land_61	38	D_min	0.097449577	0.053040511	0.005820589	0.263736264	39.17154725	0.286949309	0.250106166	633.0914609
pantanal	85_land_61	43	S_fus	0.081595426	0.051513845	0.005775895	0.278571429	39.93040683	0.287958779	0.244947912	626.6158876
pantanal	85_land_61	48	L_lat	0.078272535	0.052735618	0.005360278	0.293506494	39.59490232	0.288261036	0.247151563	621.5991536
pantanal	85_land_61	52	L_fus	0.076852045	0.053107854	0.005585852	0.311428571	40.08336434	0.288424029	0.245989791	615.5886168
pantanal	85_land_61	57	P_pla	0.049671606	0.042939912	0.005409872	0.33015873	40.78097879	0.284827929	0.243612336	606.026594
pantanal	85_land_61	62	T_typ	0.052540484	0.039680785	0.00555514	0.353571429	41.96466789	0.285141917	0.243047505	598.4059677
pantanal	85_land_61	67	L_pod	0.049420461	0.041917248	0.006213067	0.348214286	38.41772589	0.291817804	0.289809919	560.536744
pantanal	85_land_61	71	D_nan	0.044684977	0.038476972	0.006402315	0.369047619	39.94789773	0.281103061	0.35562955	514.8232357
pantanal	85_land_61	76	B_ran	0.028336183	0.030966198	0.006046045	0.4	40.74189985	0.281864994	0.359519999	504.9544492
pantanal	85_land_61	81	S_acu	NA	0.023291804	0.007052036	0.480769231	47.7830528	0.257060623	0.295726287	482.1914455
atlantic_forest	random	0	0	0.1999581	0.06392921	0.005607579	0.2083333	37.08477	0.3170443	0.2908586	136.2003
atlantic_forest	random	6	L_pod	0.190153149	0.065678069	0.006566038	0.2125	33.39955416	0.309316054	0.305027289	649.789543
atlantic_forest	random	11	B_ran	0.20097005	0.065257971	0.006479938	0.213815789	33.60602478	0.311222113	0.306359847	643.7816005
atlantic_forest	random	17	S_acu	0.198512949	0.065605187	0.00635399	0.222222222	35.24853001	0.301293715	0.28492355	629.4609007
atlantic_forest	random	22	R_dip	0.190054079	0.060057158	0.007139653	0.233333333	37.13360122	0.295542599	0.272777598	613.6125384
atlantic_forest	random	28	L_cha	0.192811529	0.07408707	0.005813633	0.252604167	28.29113647	0.272212629	0.318853224	504.8283223
atlantic_forest	random	33	S_con	0.139290226	0.070623816	0.006199567	0.263888889	28.97626433	0.269447091	0.313652647	501.0501482
atlantic_forest	random	39	P_alb	0.139751837	0.070405465	0.006336116	0.276397516	31.36552401	0.263870909	0.311298043	498.8957584
atlantic_forest	random	44	E_mat	0.106240153	0.067789605	0.004919928	0.260869565	33.89728097	0.230126009	0.279964412	486.8812453
atlantic_forest	random	50	R_ber	0.090939443	0.063105473	0.004589124	0.27173913	34.54371299	0.222941054	0.270524699	482.35917
atlantic_forest	random	56	T_typ	0.085287102	0.053543068	0.004777204	0.276679842	35.91540404	0.223629335	0.265548434	479.301271
atlantic_forest	random	61	L_lim	0.061244089	0.050763845	0.00530802	0.289473684	29.84733245	0.241230098	0.364767754	160.9907323
atlantic_forest	random	67	P_azu	0.060139164	0.043109278	0.004737128	0.292397661	31.39636531	0.23206248	0.368037539	159.7000133
atlantic_forest	random	72	S_fus	0.049935382	0.03420688	0.004297692	0.309210526	31.354391	0.220819816	0.351947471	155.021803
atlantic_forest	random	78	L_lat	0.049723939	0.048475224	0.004389795	0.323308271	31.82043651	0.205035824	0.349910847	152.1987655
chaco	random	0	0	0.2343768	0.04931843	0.004736432	0.2134615	44.0493	0.285038	0.2596836	302.7442
chaco	random	5	L_fus	0.234714733	0.048939852	0.00473587	0.218623482	44.31336724	0.285577007	0.261042398	301.6265841
chaco	random	10	B_pun	0.202152319	0.047481422	0.004860229	0.222222222	45.37645612	0.287163614	0.259919228	297.6942349
chaco	random	15	L_cha	0.200785172	0.047481422	0.005236093	0.219251337	33.60677772	0.375354686	0.366862506	188.3816065
chaco	random	20	P_mot	0.195656593	0.039581785	0.006699904	0.221590909	34.0474973	0.381105131	0.370542861	185.6845377
chaco	random	25	B_ran	0.194564691	0.039182941	0.006792636	0.23030303	34.70437962	0.376777224	0.372030322	183.303413
chaco	random	30	P_alb	0.194341883	0.038635307	0.007064613	0.243506494	35.45843477	0.373001624	0.36965562	179.9934819
chaco	random	35	L_ele	0.190312797	0.040362597	0.006501946	0.251748252	35.96585543	0.375299261	0.372069214	177.3947535
chaco	random	40	E_mat	0.123255918	0.04304346	0.006141056	0.268939394	36.96808336	0.368094576	0.366404333	173.4623073
chaco	random	45	S_nas	0.100571966	0.043869433	0.006158634	0.285123967	36.93014251	0.366892252	0.367038853	170.7286868
chaco	random	50	L_buf	0.091279674	0.045175576	0.005653541	0.266666667	31.23467165	0.404719166	0.423703161	162.7727239
chaco	random	55	R_dip	0.083543902	0.057244169	0.005784323	0.304093567	37.0845794	0.321593927	0.349990506	129.4904333
chaco	random	60	D_nan	0.083179995	0.056562701	0.006136181	0.282894737	35.4091888	0.359315363	0.42777673	115.0281875
chaco	random	65	L_lim	0.072656251	0.053455932	0.005688196	0.321428571	26.34099617	0.353942827	0.492085305	53.95307195
chaco	random	70	L_pod	0.074452009	0.04911047	0.006861767	0.318181818	23.21428571	0.377049286	0.547314937	50.00954513
chaco	random	75	S_con	0.046670274	0.038640321	0.007941796	0.34	27.87878788	0.320790949	0.521967575	44.50884778
pantanal	random	0	0	0.183471	0.063728	0.006468612	0.2136054	37.46617	0.2949837	0.2619188	686.04
pantanal	random	5	P_azu	0.181928085	0.064053513	0.006735329	0.217142857	38.00256202	0.295039641	0.262041068	684.1847253
pantanal	random	10	S_nas	0.182787118	0.064321291	0.006792524	0.218045113	38.53894637	0.29606219	0.26257609	679.4916403
pantanal	random	14	B_ran	0.201607491	0.064120444	0.006635788	0.220634921	38.77480641	0.297311468	0.2605322	673.1682241
pantanal	random	19	L_cha	0.202001822	0.064719467	0.006072692	0.215073529	33.12178196	0.338938791	0.328440147	609.0804854
pantanal	random	24	S_con	0.140142548	0.06057504	0.006047244	0.224609375	34.14249306	0.338762647	0.325421211	604.9129043
pantanal	random	29	D_nan	0.13948276	0.060710135	0.006221779	0.212903226	33.15922382	0.350590526	0.386419165	547.408225
pantanal	random	33	D_min	0.140792519	0.057069392	0.006319124	0.218894009	32.74062568	0.349180352	0.396766053	542.3241025
pantanal	random	38	T_typ	0.139927433	0.058044679	0.00640179	0.223325062	33.20172257	0.348910094	0.397686293	539.9971836
pantanal	random	43	A_dyp	0.124088424	0.059373936	0.006568702	0.228494624	32.95968156	0.349825615	0.407879714	535.3325117
pantanal	random	48	B_pun	0.124273279	0.056016745	0.006668866	0.24340176	33.21696359	0.348200442	0.412628279	531.4827396
pantanal	random	52	L_lat	0.120577642	0.045695802	0.006551389	0.25483871	33.10279263	0.347628816	0.421975813	528.5308459
pantanal	random	57	E_mat	0.089277494	0.045538457	0.005818266	0.251851852	34.64513194	0.337823423	0.417977251	516.6358097
pantanal	random	62	S_acu	0.093208494	0.045889616	0.006031389	0.267241379	36.97004608	0.317935482	0.396876541	502.9801352
pantanal	random	67	L_pod	0.083736841	0.03996574	0.007068615	0.278911565	17.72727273	0.211320387	0.604008262	426.1426941
pantanal	random	71	S_fus	0.077155939	0.040280117	0.007270284	0.316666667	19.32520325	0.191906294	0.607153272	421.8403675
pantanal	random	76	L_fus	0.050624123	0.038647015	0.005336502	0.377777778	23.26175869	0.180228112	0.601753092	419.205627
pantanal	random	81	P_pla	0.011792157	0.034900275	0.005539151	0.426470588	23.02816901	0.151994288	0.668713031	411.940428
cerrado	random	0	0	0.2015737	0.0483203	0.004906738	0.2236842	20.955	0.3079148	0.3353672	118.6157
cerrado	random	5	B_pun	0.191522807	0.048256422	0.005396488	0.224537037	22.54943709	0.303675281	0.332686493	116.4199688
cerrado	random	11	L_lab	0.188509239	0.064327024	0.005206726	0.227621483	23.7957986	0.292543647	0.32524171	111.9705073
cerrado	random	16	P_sau	0.178000567	0.064651225	0.006199163	0.247159091	25.34317534	0.293554892	0.316730552	109.8142788
cerrado	random	21	P_mot	0.169338975	0.067243935	0.006350909	0.257575758	25.50730519	0.295646592	0.315338012	107.4742477
cerrado	random	26	B_ran	0.180011664	0.05315639	0.006874055	0.25170068	24.34148078	0.299293203	0.329288278	101.4088516
cerrado	random	32	P_dun	0.137836418	0.058957832	0.004992919	0.263736264	24.70527447	0.297176058	0.325688958	99.92240698
cerrado	random	37	P_alb	0.129665555	0.055735405	0.005205464	0.281746032	24.24560041	0.295758471	0.321161801	96.87120901
cerrado	random	42	B_geo	0.120639843	0.055159052	0.004774882	0.320574163	28.82743363	0.283677928	0.30795206	93.77669149
cerrado	random	47	S_fus	0.115815199	0.056659458	0.004858559	0.344444444	31.87289562	0.278940743	0.294876334	89.21579305
cerrado	random	53	P_pla	0.075984876	0.050298682	0.007188767	0.358024691	31.84996221	0.277432789	0.286261628	84.64587995
cerrado	random	58	D_nan	0.076538636	0.043626324	0.006991437	0.338235294	25.58434959	0.329634655	0.374217052	61.47001137
cerrado	random	63	L_cha	0.061730612	0.043326975	0.005544431	0.352380952	27.60582011	0.325205587	0.388821551	54.37100734
cerrado	random	68	D_jim	0.027094415	0.042118934	0.006754703	0.380952381	32.12264151	0.32484121	0.379921717	51.16616552
cerrado	random	74	L_pod	0.007819881	0.034110175	0.006444384	0.436363636	26.12820513	0.304787514	0.396668702	41.46099089
cerrado	random	79	S_fut	0.006523182	0.029639482	0.007755826	0.363636364	17.75956284	0.473903888	0.691972489	30.78806465
